0.0 0.0
1.0 5000.0
2.0 10110.52225296808
3.0 15334.009792584466
4.0 20672.95965444667
5.0 26129.9240697522
6.0 31707.51168536697
7.0 37408.38881086266
8.0 43235.28069311915
9.0 49190.97281910132
10.0 55278.312247433045
11.0 61500.2089694049
12.0 67859.63730006616
13.0 74359.63730006616
14.0 81003.31622892467
15.0 87793.85003042598
16.0 94734.48485084686
17.0 101828.53859074405
18.0 109079.40249104326
19.0 116490.54275418767
20.0 124065.50220112111
21.0 131807.90196489793
22.0 139721.4432217292
23.0 147809.9089602926
24.0 156077.16579015227
25.0 164527.1657901523
26.0 173163.94839766837
27.0 181991.64233962007
28.0 191014.46760616722
29.0 200236.7374680336
30.0 209662.86053842257
31.0 197367.6085924593
32.0 206730.31114537144
33.0 216299.97109428715
34.0 226081.16311874136
35.0 236078.5630190468
36.0 246296.94995151315
37.0 256741.20871307465
38.0 267416.33207641804
39.0 278327.4231767272
40.0 289479.6979511856
41.0 300878.4876324024
42.0 312529.2412969547
43.0 324437.52847026347
44.0 336609.0417890492
45.0 349049.59972263966
46.0 361765.14935443015
47.0 374761.76922482724
48.0 388045.6722370335
49.0 401623.20862706343
50.0 415500.86899940984
51.0 429685.2874298118
52.0 444183.2446366077
53.0 459001.6712221896
54.0 474147.65098610765
55.0 489628.42431140906
56.0 505451.3916258306
57.0 521624.11693949817
58.0 484338.8983147433
59.0 500044.94356310787
60.0 516098.16231268604
61.0 532506.2286429828
62.0 549276.9862648143
63.0 566418.4522699151
64.0 583938.8209634279
65.0 601846.4677811083
66.0 620149.953293118
67.0 638858.027296319
68.0 657979.6329970254
69.0 677523.9112862137
70.0 697500.2051092332
71.0 717918.0639321072
72.0 738787.2483065588
73.0 760117.7345359445
74.0 781919.7194443255
75.0 804203.6252509566
76.0 826980.1045525231
77.0 850260.0454155076
78.0 874054.5765811203
79.0 898375.0727852815
80.0 923233.1601961998
81.0 948640.7219721446
82.0 974609.90394207
83.0 1001153.1204118062
84.0 1028283.0600985932
85.0 1056012.6921967948
86.0 1084355.2725776902
87.0 1113324.3501263107
88.0 1142933.7732183472
89.0 1173197.6963402273
90.0 1204130.5868555238
91.0 1235747.2319209334
92.0 1268062.7455551273
93.0 1301092.5758638554
94.0 1334852.5124247584
95.0 1369358.6938354154
96.0 1404627.6154282386
97.0 1440676.1371559007
98.0 1477521.4916510647
99.0 1515181.2924642714
100.0 1553673.542483919
101.0 1593016.642542363
102.0 1633229.4002122483
103.0 1674331.0387972808
104.0 1716341.2065217327
105.0 1759279.9859230795
106.0 1803167.9034522534
107.0 1848025.9392861077
108.0 1893875.537356778
109.0 1940738.6156027387
110.0 1988637.576446452
