0.0 0.0
1.0 10000.0
2.0 20221.04450593616
3.0 30668.01958516893
4.0 41345.91930889334
5.0 52259.8481395044
6.0 63415.02337073394
7.0 74816.77762172533
8.0 86470.5613862383
9.0 98381.94563820264
10.0 110556.62449486609
11.0 123000.4179388098
12.0 135719.2746001323
13.0 148719.2746001323
14.0 162006.63245784934
15.0 175587.70006085196
16.0 189468.9697016937
17.0 203657.0771814881
18.0 218158.80498208653
19.0 232981.08550837534
20.0 248131.00440224222
21.0 263615.80392979586
22.0 279442.8864434584
23.0 295619.8179205852
24.0 312154.33158030454
25.0 329054.3315803046
26.0 346327.89679533674
27.0 363983.28467924014
28.0 382028.93521233444
29.0 400473.4749360672
30.0 419325.72107684513
31.0 438594.68576102064
32.0 412460.6222907428
33.0 431577.8377379806
34.0 451117.62872955936
35.0 471089.33606572106
36.0 491502.5070199651
37.0 512366.89990302623
38.0 533692.4887277368
39.0 555489.467977003
40.0 577768.2574771746
41.0 600539.5073791384
42.0 623814.1032495149
43.0 647603.1712743946
44.0 671918.0835780984
45.0 696770.4636595076
46.0 722172.19194856
47.0 748135.4114855701
48.0 774672.5337260874
49.0 801796.244474067
50.0 829519.5099461908
51.0 857855.5829702368
52.0 886818.0093204599
53.0 916420.6341930128
54.0 946677.6088245024
55.0 977603.3972568461
56.0 1009212.7832516611
57.0 1041520.877357493
58.0 1074543.1241332612
59.0 997465.7785782369
60.0 1029514.2115996422
61.0 1062271.057625372
62.0 1095751.97573568
63.0 1129972.9711461863
64.0 1164950.4028590086
65.0 1200700.9914830185
66.0 1237241.8272269606
67.0 1274590.3780692539
68.0 1312764.498108384
69.0 1351782.4360978736
70.0 1391662.8441699168
71.0 1432424.7867518417
72.0 1474087.7496796686
73.0 1516671.6495131173
74.0 1560196.843056518
75.0 1604684.137090176
76.0 1650154.798316845
77.0 1272472.9226460434
78.0 1310600.2374963867
79.0 1349570.3356941068
80.0 1389401.8465020668
81.0 1430113.8109727504
82.0 1471725.6910506452
83.0 1514257.3788758293
84.0 1557729.2062932083
85.0 1602161.954571949
86.0 1647576.8643397558
87.0 1693995.6457367386
88.0 1741440.4887937268
89.0 1789934.07403999
90.0 1839499.5833454367
91.0 1890160.711002473
92.0 1941941.675052821
93.0 1994867.2288647096
