0.0 0.0
1.0 5000.0
2.0 10110.52225296808
3.0 15334.009792584466
4.0 20672.95965444667
5.0 26129.9240697522
6.0 15853.755842683486
7.0 21204.19440543133
8.0 26672.901473043614
9.0 32262.49130584289
10.0 37975.63595093985
11.0 43815.06651957855
12.0 49783.574492716565
13.0 55884.01305546441
14.0 62119.298461021914
15.0 68492.41142476365
16.0 75006.39854913995
17.0 81664.37378007447
18.0 88469.51989555471
19.0 95425.09002712692
20.0 102534.4092150229
21.0 109800.87599766196
22.0 117227.96403628803
23.0 124819.22377551835
24.0 132578.2841405978
25.0 140508.85427217002
26.0 148614.72529939478
27.0 156899.77215225904
28.0 165367.95541394825
29.0 174023.32321416313
30.0 182870.01316428743
31.0 191912.25433533132
32.0 201154.3692795961
33.0 210600.77609702692
34.0 220255.9905472408
35.0 230124.6282082402
36.0 240211.40668284346
37.0 250521.14785388735
38.0 261058.78018927955
39.0 271829.3410980031
40.0 282837.9793381991
41.0 294089.95747847843
42.0 305590.65441364003
43.0 317345.5679359971
44.0 329360.31736354134
45.0 341640.6462262014
46.0 354192.42501147947
47.0 367021.6539707787
48.0 380134.46598776296
49.0 393537.12951012
50.0 407236.05154612986
51.0 421237.7807274705
52.0 435549.0104397253
53.0 450176.5820220885
54.0 465127.48803779867
55.0 480408.87561686285
56.0 496028.0498726703
57.0 511992.4773941284
58.0 528309.7898149899
59.0 544987.787462079
60.0 562034.4430841585
61.0 579457.9056632227
62.0 597266.5043100355
63.0 615468.7522457783
64.0 634073.3508717095
65.0 653089.1939287817
66.0 672525.3717492048
67.0 692391.1756019882
68.0 712696.102134538
69.0 733449.8579124336
70.0 754662.3640595535
71.0 776343.7610007692
72.0 798504.4133094726
73.0 821154.9146622561
74.0 844306.0929031129
75.0 867969.0152195786
76.0 892154.9934332892
77.0 916875.5894074831
78.0 942142.6205740332
79.0 967968.1655826517
80.0 994364.5700749664
81.0 1021344.4525862306
82.0 1048920.7105774865
83.0 1077106.526601067
84.0 1105915.3746023816
85.0 1135361.0263610003
86.0 1165457.558074114
87.0 1196219.3570855195
88.0 1227661.1287633432
89.0 1259797.9035297951
90.0 1292645.0440463102
91.0 1326218.2525575142
92.0 1360533.5783975234
93.0 1395607.425662167
94.0 1288310.9049457198
95.0 1321788.309693309
96.0 1356005.7140801437
97.0 1390979.475391689
98.0 1426726.3124822183
99.0 1463263.3137670932
100.0 1500607.9453917085
101.0 1538778.0595810069
102.0 1577791.9031735554
103.0 1617668.1263442624
104.0 1658425.7915199064
105.0 1700084.3824917364
106.0 1742663.813729503
107.0 1786184.439901369
108.0 1830667.0656042541
109.0 1876132.9553092632
110.0 1922603.8435269513
111.0 1970101.9451972886
