1 415
2 508
3 584
4 669
5 741
6 810
7 819
8 812
9 805
10 798
11 796
12 783
13 780
14 776
15 781
16 787
17 759
18 785
19 786
20 765
21 760
22 774
23 777
24 778
25 778
26 790
27 785
28 786
29 785
30 800
31 787
32 769
33 767
34 778
35 773
36 768
37 797
38 798
39 808
40 809
41 811
42 811
43 836
44 838
45 838
46 828
47 817
48 808
49 793
50 801
51 822
52 825
53 809
54 780
55 778
56 772
57 757
58 751
59 761
60 751
61 759
62 751
63 749
64 763
65 778
66 793
67 822
68 819
69 838
70 845
71 837
72 840
73 830
74 829
75 827
76 821
77 796
78 791
79 775
80 777
81 764
82 786
83 802
84 787
85 773
86 789
87 798
88 811
89 803
90 791
91 796
92 780
93 791
94 793
95 804
96 802
97 785
98 797
99 816
100 810
101 802
102 798
103 789
104 810
105 828
106 813
107 852
108 837
109 830
110 850
111 852
112 850
113 836
114 825
115 801
116 806
117 786
118 774
119 760
120 741
121 745
122 760
123 775
124 780
125 795
126 794
127 790
128 822
129 825
130 838
131 854
132 828
133 813
134 809
135 790
136 797
137 801
138 771
139 775
140 785
141 782
142 802
143 817
144 824
145 835
146 840
147 830
148 853
149 857
150 850
151 846
152 844
153 836
154 849
155 837
156 830
157 833
158 818
159 822
160 821
161 810
162 805
163 796
164 779
165 787
166 776
167 781
168 794
169 791
170 792
171 795
172 808
173 815
174 815
175 825
176 854
177 857
178 839
179 824
180 834
181 837
182 840
183 840
184 826
185 825
186 802
187 798
188 794
189 806
190 805
191 799
192 781
193 786
194 807
195 800
196 786
197 792
198 806
199 791
200 782
201 785
202 792
203 783
204 775
205 757
206 771
207 775
208 784
209 806
210 803
211 806
212 803
213 816
214 819
215 831
216 840
217 842
218 819
219 811
220 802
221 793
222 804
223 809
224 793
225 790
226 788
227 784
228 802
229 805
230 828
231 838
232 823
233 796
234 811
235 817
236 805
237 792
238 798
239 780
240 785
241 768
242 765
243 768
244 777
245 778
246 775
247 779
248 785
249 793
250 775
251 780
252 782
253 781
254 767
255 774
256 791
257 790
258 775
259 776
260 777
261 772
262 796
263 805
264 816
265 819
266 822
267 840
268 844
269 829
270 828
271 839
272 818
273 823
274 802
275 801
276 784
277 761
278 741
279 757
280 761
281 791
282 798
283 793
284 803
285 798
286 806
287 819
288 817
289 816
290 824
291 787
292 782
293 782
294 798
295 803
296 797
297 798
298 817
299 805
300 812
301 812
302 815
303 807
304 814
305 807
306 820
307 813
308 796
309 803
310 787
311 801
312 797
313 812
314 782
315 794
316 771
317 783
318 792
319 804
320 796
321 783
322 776
323 768
324 769
325 746
326 759
327 761
328 771
329 765
330 766
331 774
332 779
333 779
334 788
335 797
336 794
337 791
338 796
339 799
340 797
341 805
342 817
343 814
344 820
345 842
346 845
347 842
348 830
349 830
350 840
351 808
352 786
353 795
354 774
355 765
356 769
357 761
358 774
359 778
360 783
361 819
362 834
363 833
364 851
365 848
366 847
367 838
368 827
369 826
370 808
371 791
372 789
373 793
374 794
375 775
376 786
377 788
378 800
379 793
380 799
381 807
382 787
383 785
384 791
385 803
386 796
387 815
388 804
389 801
390 801
391 787
392 807
393 809
394 811
395 815
396 815
397 804
398 815
399 840
400 853
401 863
402 849
403 846
404 825
405 821
406 813
407 807
408 804
409 786
410 766
411 764
412 770
413 771
414 757
415 760
416 756
417 776
418 775
419 786
420 805
421 816
422 834
423 833
424 864
425 860
426 859
427 834
428 836
429 836
430 830
431 814
432 827
433 831
434 816
435 809
436 810
437 813
438 793
439 788
440 784
441 782
442 757
443 780
444 796
445 800
446 801
447 800
448 825
449 810
450 820
451 828
452 837
453 807
454 798
455 805
456 816
457 840
458 812
459 815
460 795
461 785
462 789
463 779
464 780
465 768
466 751
467 741
468 749
469 758
470 773
471 791
472 789
473 804
474 807
475 817
476 835
477 837
478 840
479 829
480 813
481 803
482 791
483 779
484 768
485 751
486 746
487 736
488 749
489 763
490 779
491 793
492 810
493 815
494 827
495 846
496 854
497 854
498 842
499 835
500 812
501 799
502 801
503 813
504 809
505 795
506 784
507 785
508 782
509 789
510 816
511 828
512 816
513 793
514 788
515 804
516 794
517 790
518 792
519 794
520 772
521 773
522 777
523 777
524 783
525 783
526 802
527 807
528 804
529 795
530 806
531 786
532 780
533 789
534 786
535 770
536 744
537 748
538 746
539 745
540 749
541 753
542 760
543 765
544 772
545 778
546 802
547 810
548 818
549 820
550 833
551 825
552 817
553 828
554 831
555 835
556 817
557 811
558 815
559 821
560 807
561 832
562 836
563 833
564 831
565 846
566 853
567 851
568 836
569 818
570 803
571 799
572 799
573 793
574 801
575 777
576 773
577 776
578 792
579 800
580 809
581 780
582 771
583 750
584 739
585 752
586 762
587 757
588 768
589 769
590 766
591 787
592 803
593 820
594 801
595 791
596 779
597 763
598 748
599 755
600 757
601 738
602 733
603 743
604 759
605 756
606 762
607 767
608 768
609 769
610 779
611 803
612 807
613 797
614 787
615 811
616 818
617 835
618 841
619 822
620 814
621 803
622 793
623 791
624 804
625 781
626 771
627 781
628 775
629 785
630 797
631 796
632 807
633 814
634 804
635 823
636 838
637 826
638 833
639 834
640 815
641 822
642 822
643 815
644 822
645 811
646 803
647 788
648 785
649 791
650 805
651 795
652 775
653 775
654 759
655 773
656 779
657 784
658 781
659 789
660 787
661 783
662 783
663 797
664 819
665 800
666 792
667 800
668 803
669 786
670 777
671 778
672 790
673 787
674 774
675 802
676 820
677 814
678 807
679 818
680 827
681 844
682 833
683 824
684 826
685 800
686 787
687 786
688 780
689 767
690 763
691 746
692 747
693 747
694 760
695 757
696 755
697 757
698 766
699 780
700 765
701 761
702 764
703 766
704 774
705 797
706 797
707 807
708 803
709 787
710 812
711 836
712 826
713 828
714 818
715 796
716 808
717 782
718 771
719 775
720 757
721 761
722 782
723 776
724 760
725 773
726 776
727 782
728 784
729 785
730 811
731 790
732 784
733 780
734 794
735 766
736 757
737 758
738 783
739 789
740 786
741 796
742 789
743 817
744 818
745 835
746 821
747 826
748 826
749 822
750 804
751 804
752 830
753 802
754 795
755 807
756 813
757 827
758 826
759 826
760 833
761 836
762 811
763 809
764 798
765 790
766 778
767 773
768 752
769 747
770 737
771 732
772 741
773 747
774 760
775 759
776 778
777 774
778 786
779 806
780 821
781 810
782 822
783 829
784 819
785 817
786 815
787 810
788 808
789 800
790 792
791 802
792 786
793 791
794 802
795 805
796 804
797 823
798 838
799 834
800 838
801 860
802 858
803 849
804 831
805 824
806 828
807 835
808 821
809 820
810 836
811 821
812 825
813 829
814 846
815 847
816 835
817 813
818 820
819 811
820 788
821 785
822 772
823 764
824 779
825 792
826 809
827 806
828 806
829 816
830 824
831 830
832 830
833 833
834 832
835 822
836 818
837 806
838 802
839 789
840 790
841 787
842 801
843 797
844 777
845 775
846 778
847 796
848 774
849 778
850 769
851 780
852 783
853 790
854 787
855 789
856 782
857 773
858 790
859 794
860 810
861 794
862 791
863 779
864 796
865 786
866 795
867 815
868 806
869 820
870 810
871 821
872 817
873 823
874 814
875 832
876 817
877 807
878 807
879 792
880 781
881 771
882 768
883 774
884 772
885 768
886 793
887 783
888 773
889 775
890 785
891 790
892 799
893 800
894 809
895 822
896 801
897 808
898 819
899 810
900 821
901 815
902 821
903 809
904 814
905 821
906 823
907 813
908 820
909 834
910 818
911 843
912 822
913 826
914 817
915 806
916 813
917 816
918 825
919 826
920 837
921 816
922 819
923 813
924 800
925 805
926 789
927 796
928 780
929 778
930 766
931 768
932 793
933 800
934 788
935 770
936 778
937 784
938 804
939 800
940 805
941 809
942 782
943 781
944 806
945 811
946 807
947 798
948 802
949 806
950 795
951 768
952 776
953 778
954 770
955 766
956 759
957 775
958 765
959 772
960 788
961 803
962 807
963 804
964 813
965 817
966 824
967 814
968 800
969 796
970 799
971 816
972 808
973 830
974 833
975 828
976 824
977 835
978 842
979 825
980 829
981 816
982 810
983 803
984 795
985 795
986 816
987 804
988 805
989 810
990 795
991 782
992 787
993 780
994 772
995 779
996 754
997 754
998 747
999 727
1000 736
