1 22
2 48
3 54
4 44
5 33
6 34
7 42
8 38
9 36
10 37
11 46
12 50
13 56
14 49
15 37
16 31
17 39
18 42
19 43
20 31
21 32
22 38
23 41
24 42
25 34
26 38
27 44
28 58
29 52
30 47
31 39
32 34
33 24
34 27
35 33
36 30
37 34
38 40
39 46
40 42
41 41
42 44
43 48
44 46
45 49
46 46
47 46
48 47
49 53
50 50
51 49
52 42
53 39
54 36
55 39
56 47
57 43
58 36
59 35
60 35
61 33
62 33
63 35
64 33
65 28
66 28
67 41
68 41
69 52
70 44
71 34
72 39
73 40
74 35
75 40
76 42
77 43
78 51
79 48
80 40
81 36
82 39
83 38
84 49
85 50
86 43
87 38
88 45
89 53
90 51
91 45
92 44
93 38
94 41
95 41
96 49
97 55
98 46
99 36
100 30
101 43
102 46
103 48
104 41
105 35
106 32
107 40
108 48
109 41
110 37
111 36
112 37
113 43
114 48
115 45
116 42
117 37
118 44
119 41
120 39
121 44
122 49
123 37
124 38
125 36
126 42
127 38
128 36
129 50
130 53
131 56
132 63
133 58
134 38
135 32
136 41
137 43
138 39
139 44
140 45
141 51
142 39
143 33
144 37
145 51
146 46
147 36
148 30
149 36
150 32
151 38
152 37
153 51
154 50
155 48
156 38
157 42
158 39
159 37
160 36
161 36
162 32
163 38
164 35
165 42
166 41
167 33
168 32
169 43
170 42
171 36
172 29
173 32
174 32
175 41
176 48
177 47
178 46
179 48
180 43
181 37
182 43
183 37
184 43
185 34
186 34
187 37
188 37
189 27
190 35
191 32
192 43
193 40
194 40
195 44
196 45
197 40
198 42
199 45
200 48
201 40
202 31
203 33
204 34
205 29
206 31
207 36
208 43
209 37
210 34
211 36
212 33
213 36
214 42
215 41
216 49
217 45
218 44
219 47
220 46
221 44
222 41
223 39
224 37
225 43
226 39
227 41
228 38
229 50
230 48
231 44
232 45
233 41
234 31
235 32
236 39
237 45
238 43
239 35
240 39
241 38
242 44
243 41
244 35
245 35
246 48
247 44
248 39
249 35
250 35
251 35
252 35
253 40
254 39
255 34
256 46
257 54
258 58
259 42
260 43
261 43
262 38
263 35
264 44
265 50
266 51
267 39
268 39
269 42
270 40
271 43
272 45
273 40
274 41
275 41
276 41
277 43
278 36
279 38
280 45
281 39
282 38
283 45
284 39
285 30
286 38
287 44
288 48
289 34
290 39
291 33
292 34
293 36
294 39
295 40
296 42
297 45
298 56
299 42
300 33
301 33
302 38
303 37
304 48
305 55
306 47
307 40
308 40
309 48
310 52
311 46
312 34
313 35
314 46
315 53
316 48
317 45
318 47
319 45
320 44
321 44
322 43
323 44
324 41
325 45
326 45
327 42
328 43
329 41
330 35
331 41
332 49
333 53
334 48
335 30
336 30
337 30
338 40
339 38
340 36
341 34
342 37
343 34
344 38
345 34
346 29
347 30
348 38
349 38
350 45
351 44
352 36
353 38
354 39
355 42
356 40
357 45
358 45
359 48
360 40
361 36
362 36
363 41
364 37
365 43
366 37
367 41
368 39
369 42
370 54
371 53
372 55
373 53
374 42
375 32
376 45
377 44
378 42
379 42
380 38
381 39
382 36
383 42
384 36
385 37
386 45
387 41
388 39
389 35
390 46
391 40
392 37
393 38
394 45
395 47
396 40
397 48
398 50
399 42
400 40
401 42
402 44
403 40
404 39
405 37
406 42
407 34
408 41
409 42
410 40
411 41
412 39
413 38
414 38
415 41
416 31
417 36
418 38
419 47
420 42
421 41
422 32
423 36
424 42
425 46
426 37
427 31
428 32
429 38
430 29
431 43
432 51
433 49
434 48
435 34
436 32
437 32
438 44
439 51
440 47
441 39
442 41
443 37
444 34
445 36
446 40
447 46
448 35
449 28
450 38
451 34
452 33
453 33
454 39
455 41
456 38
457 38
458 38
459 36
460 38
461 30
462 28
463 30
464 38
465 41
466 40
467 37
468 31
469 36
470 46
471 49
472 44
473 38
474 38
475 37
476 37
477 38
478 37
479 44
480 47
481 48
482 40
483 40
484 46
485 48
486 46
487 40
488 39
489 35
490 33
491 35
492 30
493 30
494 32
495 38
496 44
497 42
498 45
499 52
500 52
501 47
502 39
503 28
504 33
505 43
506 47
507 49
508 47
509 50
510 40
511 31
512 31
513 44
514 44
515 42
516 43
517 43
518 39
519 31
520 32
521 29
522 45
523 47
524 56
525 55
526 44
527 43
528 39
529 38
530 41
531 51
532 45
533 39
534 39
535 39
536 31
537 30
538 35
539 36
540 43
541 36
542 36
543 36
544 37
545 37
546 33
547 43
548 43
549 45
550 46
551 43
552 41
553 38
554 37
555 35
556 34
557 41
558 45
559 42
560 36
561 34
562 38
563 37
564 39
565 44
566 38
567 37
568 36
569 35
570 40
571 25
572 36
573 41
574 44
575 54
576 45
577 41
578 39
579 34
580 40
581 39
582 38
583 29
584 24
585 30
586 38
587 39
588 39
589 42
590 40
591 37
592 40
593 43
594 45
595 48
596 44
597 35
598 31
599 37
600 38
601 32
602 34
603 39
604 37
605 38
606 40
607 41
608 36
609 39
610 32
611 35
612 34
613 43
614 38
615 33
616 37
617 47
618 47
619 48
620 45
621 41
622 42
623 41
624 39
625 36
626 42
627 38
628 39
629 44
630 42
631 37
632 43
633 48
634 40
635 31
636 29
637 39
638 37
639 32
640 36
641 38
642 40
643 38
644 48
645 37
646 37
647 41
648 41
649 41
650 43
651 46
652 41
653 41
654 38
655 36
656 38
657 48
658 39
659 33
660 29
661 26
662 36
663 45
664 49
665 39
666 48
667 48
668 56
669 43
670 33
671 41
672 40
673 40
674 39
675 36
676 40
677 39
678 45
679 42
680 48
681 53
682 59
683 53
684 38
685 28
686 44
687 48
688 45
689 39
690 42
691 49
692 51
693 43
694 35
695 27
696 34
697 38
698 44
699 46
700 42
701 36
702 35
703 35
704 41
705 45
706 54
707 49
708 41
709 41
710 42
711 40
712 39
713 44
714 35
715 33
716 37
717 43
718 36
719 38
720 43
721 38
722 28
723 26
724 36
725 47
726 44
727 38
728 39
729 41
730 45
731 50
732 52
733 55
734 46
735 46
736 36
737 43
738 44
739 50
740 48
741 35
742 27
743 29
744 41
745 46
746 57
747 53
748 43
749 33
750 30
751 36
752 34
753 35
754 38
755 43
756 37
757 33
758 29
759 27
760 42
761 42
762 45
763 42
764 39
765 33
766 39
767 44
768 50
769 50
770 58
771 58
772 47
773 37
774 36
775 45
776 45
777 42
778 43
779 49
780 50
781 43
782 35
783 33
784 31
785 39
786 39
787 38
788 39
789 48
790 43
791 41
792 44
793 47
794 43
795 39
796 45
797 48
798 43
799 34
800 30
801 30
802 34
803 39
804 42
805 41
806 36
807 32
808 39
809 42
810 50
811 49
812 41
813 41
814 47
815 54
816 44
817 33
818 33
819 33
820 34
821 39
822 44
823 45
824 37
825 43
826 48
827 38
828 34
829 34
830 33
831 32
832 39
833 38
834 45
835 39
836 39
837 34
838 34
839 30
840 26
841 25
842 38
843 47
844 55
845 45
846 40
847 40
848 46
849 45
850 40
851 32
852 36
853 37
854 40
855 36
856 41
857 38
858 25
859 26
860 34
861 36
862 42
863 47
864 55
865 53
866 45
867 44
868 39
869 44
870 41
871 34
872 38
873 35
874 37
875 40
876 40
877 30
878 35
879 32
880 33
881 33
882 38
883 40
884 47
885 37
886 41
887 33
888 34
889 32
890 35
891 33
892 35
893 48
894 51
895 47
896 36
897 38
898 40
899 43
900 40
901 36
902 39
903 33
904 35
905 32
906 38
907 42
908 43
909 39
910 39
911 44
912 47
913 42
914 35
915 26
916 28
917 34
918 40
919 38
920 36
921 45
922 54
923 47
924 26
925 31
926 48
927 47
928 42
929 38
930 34
931 43
932 47
933 35
934 33
935 38
936 32
937 28
938 37
939 39
940 40
941 42
942 38
943 42
944 35
945 36
946 35
947 41
948 45
949 40
950 42
951 37
952 32
953 33
954 31
955 29
956 34
957 47
958 40
959 31
960 44
961 51
962 48
963 39
964 37
965 43
966 37
967 36
968 34
969 33
970 34
971 36
972 34
973 48
974 46
975 36
976 32
977 39
978 45
979 42
980 35
981 39
982 35
983 37
984 46
985 54
986 50
987 37
988 30
989 31
990 39
991 37
992 39
993 37
994 44
995 43
996 37
997 26
998 30
999 33
1000 40
1001 42
1002 42
1003 40
1004 44
1005 46
1006 34
1007 39
1008 40
1009 37
1010 40
1011 39
1012 30
1013 34
1014 26
1015 26
1016 36
1017 34
1018 41
1019 34
1020 38
1021 37
1022 48
1023 44
1024 38
1025 34
1026 37
1027 45
1028 47
1029 44
1030 31
1031 39
1032 41
1033 34
1034 28
1035 30
1036 40
1037 39
1038 42
1039 43
1040 36
1041 30
1042 36
1043 40
1044 41
1045 45
1046 45
1047 34
1048 37
1049 46
1050 44
1051 40
1052 34
1053 36
1054 41
1055 46
1056 45
1057 36
1058 38
1059 41
1060 46
1061 43
1062 49
1063 49
1064 41
1065 42
1066 43
1067 45
1068 38
1069 39
1070 34
1071 43
1072 44
1073 48
1074 46
1075 43
1076 32
1077 35
1078 36
1079 30
1080 24
1081 30
1082 35
1083 38
1084 37
1085 39
1086 45
1087 51
1088 53
1089 45
1090 37
1091 35
1092 45
1093 48
1094 46
1095 44
1096 49
1097 44
1098 42
1099 45
1100 56
1101 46
1102 35
1103 31
1104 44
1105 45
1106 43
1107 37
1108 46
1109 44
1110 48
1111 48
1112 45
1113 45
1114 41
1115 44
1116 54
1117 42
1118 45
1119 39
1120 36
1121 36
1122 45
1123 46
1124 47
1125 45
1126 43
1127 39
1128 40
1129 44
1130 38
1131 40
1132 50
1133 43
1134 33
1135 26
1136 27
1137 36
1138 38
1139 37
1140 39
1141 42
1142 37
1143 34
1144 46
1145 45
1146 47
1147 42
1148 36
1149 25
1150 33
1151 33
1152 33
1153 37
1154 32
1155 36
1156 34
1157 44
1158 45
1159 53
1160 44
1161 43
1162 37
1163 43
1164 54
1165 48
1166 37
1167 32
1168 31
1169 37
1170 38
1171 41
1172 45
1173 53
1174 53
1175 44
1176 42
1177 39
1178 39
1179 37
1180 36
1181 39
1182 34
1183 44
1184 39
1185 46
1186 48
1187 44
1188 51
1189 52
1190 51
1191 42
1192 41
1193 44
1194 45
1195 42
1196 45
1197 46
1198 41
1199 41
1200 35
1201 36
1202 45
1203 52
1204 46
1205 44
1206 38
1207 35
1208 33
1209 30
1210 34
1211 36
1212 35
1213 34
1214 41
1215 42
1216 35
1217 37
1218 43
1219 47
1220 37
1221 40
1222 36
1223 36
1224 50
1225 50
1226 37
1227 33
1228 38
1229 35
1230 35
1231 43
1232 34
1233 36
1234 34
1235 24
1236 27
1237 41
1238 53
1239 45
1240 48
1241 40
1242 45
1243 40
1244 45
1245 44
1246 45
1247 42
1248 34
1249 44
1250 44
1251 42
1252 33
1253 38
1254 36
1255 39
1256 42
1257 46
1258 37
1259 47
1260 40
1261 50
1262 41
1263 43
1264 50
1265 53
1266 40
1267 38
1268 37
1269 48
1270 51
1271 51
1272 40
1273 38
1274 31
1275 32
1276 36
1277 39
1278 38
1279 30
1280 34
1281 38
1282 39
1283 34
1284 39
1285 39
1286 45
1287 36
1288 37
1289 37
1290 43
1291 36
1292 41
1293 44
1294 47
1295 44
1296 37
1297 34
1298 32
1299 41
1300 39
1301 53
1302 44
1303 46
1304 43
1305 40
1306 41
1307 35
1308 34
1309 31
1310 26
1311 27
1312 32
1313 43
1314 41
1315 35
1316 36
1317 38
1318 41
1319 44
1320 46
1321 45
1322 40
1323 44
1324 51
1325 50
1326 42
1327 38
1328 44
1329 49
1330 49
1331 47
1332 48
1333 42
1334 38
1335 34
1336 38
1337 34
1338 36
1339 46
1340 44
1341 41
1342 43
1343 47
1344 42
1345 42
1346 48
1347 49
1348 42
1349 36
1350 40
1351 36
1352 45
1353 39
1354 39
1355 32
1356 35
1357 35
1358 35
1359 30
1360 31
1361 29
1362 43
1363 44
1364 47
1365 43
1366 47
1367 44
1368 53
1369 43
1370 43
1371 36
1372 32
1373 33
1374 37
1375 46
1376 52
1377 51
1378 46
1379 36
1380 37
1381 41
1382 36
1383 32
1384 51
1385 55
1386 48
1387 42
1388 42
1389 42
1390 44
1391 38
1392 29
1393 28
1394 36
1395 41
1396 42
1397 38
1398 40
1399 43
1400 51
1401 48
1402 41
1403 33
1404 37
1405 39
1406 42
1407 46
1408 44
1409 44
1410 40
1411 46
1412 54
1413 46
1414 46
1415 37
1416 39
1417 35
1418 37
1419 40
1420 37
1421 42
1422 39
1423 29
1424 32
1425 32
1426 44
1427 46
1428 43
1429 38
1430 37
1431 45
1432 45
1433 41
1434 39
1435 34
1436 35
1437 40
1438 48
1439 40
1440 30
1441 32
1442 28
1443 44
1444 50
1445 48
1446 34
1447 33
1448 30
1449 32
1450 39
1451 37
1452 39
1453 41
1454 46
1455 46
1456 41
1457 42
1458 43
1459 41
1460 47
1461 46
1462 39
1463 37
1464 38
1465 43
1466 45
1467 38
1468 37
1469 30
1470 28
1471 37
1472 42
1473 44
1474 45
1475 46
1476 39
1477 44
1478 38
1479 33
1480 38
1481 35
1482 32
1483 42
1484 35
1485 31
1486 30
1487 36
1488 36
1489 36
1490 37
1491 34
1492 28
1493 30
1494 28
1495 30
1496 33
1497 39
1498 39
1499 38
1500 39
1501 47
1502 53
1503 42
1504 33
1505 31
1506 37
1507 40
1508 36
1509 44
1510 40
1511 43
1512 39
1513 39
1514 36
1515 34
1516 36
1517 50
1518 48
1519 38
1520 42
1521 45
1522 37
1523 38
1524 29
1525 32
1526 32
1527 35
1528 32
1529 35
1530 31
1531 31
1532 38
1533 42
1534 40
1535 34
1536 38
1537 35
1538 50
1539 49
1540 51
1541 52
1542 50
1543 46
1544 31
1545 39
1546 40
1547 46
1548 52
1549 50
1550 51
1551 52
1552 40
1553 39
1554 39
1555 43
1556 38
1557 27
1558 31
1559 34
1560 37
1561 34
1562 33
1563 42
1564 39
1565 31
1566 34
1567 40
1568 44
1569 46
1570 48
1571 35
1572 27
1573 39
1574 41
1575 37
1576 38
1577 36
1578 38
1579 42
1580 50
1581 45
1582 40
1583 34
1584 34
1585 36
1586 38
1587 40
1588 34
1589 34
1590 36
1591 39
1592 43
1593 46
1594 48
1595 45
1596 46
1597 57
1598 52
1599 42
1600 37
1601 34
1602 42
1603 33
1604 42
1605 44
1606 36
1607 38
1608 41
1609 46
1610 43
1611 42
1612 32
1613 28
1614 29
1615 41
1616 43
1617 36
1618 32
1619 38
1620 43
1621 48
1622 42
1623 37
1624 39
1625 36
1626 37
1627 41
1628 44
1629 42
1630 46
1631 44
1632 43
1633 38
1634 35
1635 41
1636 37
1637 44
1638 38
1639 35
1640 40
1641 40
1642 49
1643 45
1644 56
1645 51
1646 41
1647 47
1648 42
1649 36
1650 35
1651 31
1652 35
1653 41
1654 41
1655 38
1656 28
1657 30
1658 45
1659 44
1660 39
1661 40
1662 50
1663 45
1664 46
1665 36
1666 37
1667 37
1668 45
1669 47
1670 39
1671 38
1672 37
1673 41
1674 39
1675 38
1676 35
1677 38
1678 41
1679 44
1680 32
1681 33
1682 31
1683 30
1684 31
1685 43
1686 38
1687 39
1688 39
1689 44
1690 35
1691 26
1692 27
1693 33
1694 34
1695 43
1696 44
1697 45
1698 42
1699 46
1700 47
1701 46
1702 49
1703 48
1704 34
1705 37
1706 31
1707 34
1708 47
1709 59
1710 50
1711 49
1712 44
1713 45
1714 39
1715 45
1716 40
1717 38
1718 37
1719 31
1720 32
1721 40
1722 47
1723 43
1724 44
1725 46
1726 34
1727 34
1728 37
1729 40
1730 45
1731 39
1732 41
1733 43
1734 51
1735 57
1736 46
1737 44
1738 44
1739 39
1740 41
1741 44
1742 36
1743 42
1744 53
1745 50
1746 51
1747 46
1748 46
1749 40
1750 32
1751 39
1752 44
1753 44
1754 44
1755 38
1756 36
1757 34
1758 34
1759 38
1760 36
1761 39
1762 29
1763 24
1764 32
1765 38
1766 36
1767 41
1768 43
1769 47
1770 51
1771 51
1772 53
1773 51
1774 46
1775 44
1776 47
1777 53
1778 49
1779 46
1780 38
1781 34
1782 31
1783 31
1784 37
1785 36
1786 46
1787 41
1788 40
1789 33
1790 29
1791 33
1792 37
1793 51
1794 49
1795 41
1796 45
1797 48
1798 45
1799 39
1800 46
1801 41
1802 35
1803 27
1804 27
1805 41
1806 45
1807 46
1808 31
1809 38
1810 38
1811 37
1812 43
1813 44
1814 47
1815 45
1816 42
1817 41
1818 37
1819 33
1820 30
1821 38
1822 40
1823 32
1824 42
1825 40
1826 46
1827 49
1828 56
1829 52
1830 47
1831 45
1832 41
1833 38
1834 39
1835 37
1836 44
1837 43
1838 32
1839 35
1840 34
1841 39
1842 35
1843 39
1844 34
1845 34
1846 32
1847 40
1848 42
1849 44
1850 38
1851 31
1852 26
1853 14
1854 27
1855 36
1856 42
1857 31
1858 32
1859 34
1860 38
1861 31
1862 29
1863 30
1864 37
1865 43
1866 54
1867 48
1868 39
1869 38
1870 44
1871 41
1872 40
1873 41
1874 39
1875 41
1876 45
1877 38
1878 45
1879 46
1880 37
1881 40
1882 44
1883 49
1884 44
1885 44
1886 40
1887 32
1888 38
1889 35
1890 30
1891 31
1892 30
1893 35
1894 41
1895 43
1896 37
1897 46
1898 48
1899 52
1900 49
1901 37
1902 36
1903 34
1904 34
1905 40
1906 33
1907 42
1908 41
1909 40
1910 44
1911 46
1912 45
1913 39
1914 54
1915 51
1916 41
1917 35
1918 46
1919 50
1920 51
1921 47
1922 40
1923 45
1924 41
1925 42
1926 39
1927 42
1928 35
1929 32
1930 38
1931 42
1932 42
1933 53
1934 49
1935 37
1936 31
1937 43
1938 40
1939 32
1940 34
1941 39
1942 38
1943 40
1944 43
1945 42
1946 43
1947 47
1948 58
1949 50
1950 39
1951 38
1952 39
1953 53
1954 46
1955 38
1956 31
1957 34
1958 39
1959 39
1960 39
1961 41
1962 40
1963 44
1964 36
1965 39
1966 40
1967 37
1968 32
1969 44
1970 41
1971 41
1972 33
1973 37
1974 41
1975 45
1976 43
1977 34
1978 34
1979 50
1980 45
1981 41
1982 33
1983 32
1984 29
1985 41
1986 42
1987 49
1988 40
1989 44
1990 45
1991 48
1992 45
1993 43
1994 38
1995 40
1996 44
1997 49
1998 43
1999 41
2000 34
2001 33
2002 38
2003 39
2004 37
2005 41
2006 48
2007 42
2008 26
2009 34
2010 31
2011 34
2012 35
2013 35
2014 41
2015 40
2016 35
2017 33
2018 29
2019 29
2020 35
2021 47
2022 49
2023 46
2024 43
2025 44
2026 40
2027 34
2028 36
2029 37
2030 30
2031 34
2032 37
2033 44
2034 46
2035 55
2036 56
2037 45
2038 37
2039 40
2040 41
2041 38
2042 47
2043 54
2044 49
2045 54
2046 53
2047 54
2048 46
2049 44
2050 35
2051 42
2052 35
2053 33
2054 39
2055 43
2056 39
2057 42
2058 35
2059 39
2060 34
2061 38
2062 45
2063 48
2064 36
2065 34
2066 36
2067 38
2068 44
2069 43
2070 47
2071 47
2072 42
2073 39
2074 41
2075 40
2076 36
2077 41
2078 48
2079 51
2080 49
2081 34
2082 46
2083 47
2084 43
2085 40
2086 42
2087 48
2088 47
2089 48
2090 41
2091 42
2092 38
2093 39
2094 40
2095 42
2096 40
2097 44
2098 36
2099 45
2100 47
2101 55
2102 51
2103 50
2104 53
2105 45
2106 39
2107 31
2108 32
2109 35
2110 37
2111 43
2112 45
2113 42
2114 36
2115 39
2116 39
2117 41
2118 40
2119 38
2120 32
2121 32
2122 38
2123 43
2124 38
2125 36
2126 27
2127 34
2128 33
2129 34
2130 37
2131 40
2132 40
2133 51
2134 53
2135 49
2136 46
2137 45
2138 37
2139 36
2140 41
2141 47
2142 41
2143 49
2144 48
2145 38
2146 27
2147 27
2148 28
2149 32
2150 30
2151 35
2152 37
2153 45
2154 43
2155 40
2156 42
2157 43
2158 42
2159 27
2160 29
2161 39
2162 44
2163 34
2164 36
2165 40
2166 43
2167 37
2168 42
2169 39
2170 47
2171 43
2172 42
2173 35
2174 56
2175 49
2176 37
2177 36
2178 44
2179 41
2180 43
2181 39
2182 44
2183 48
2184 41
2185 38
2186 37
2187 47
2188 38
2189 46
2190 45
2191 36
2192 25
2193 27
2194 31
2195 37
2196 47
2197 51
2198 41
2199 38
2200 49
2201 47
2202 46
2203 43
2204 35
2205 30
2206 32
2207 41
2208 38
2209 32
2210 38
2211 40
2212 44
2213 34
2214 45
2215 43
2216 51
2217 44
2218 45
2219 48
2220 52
2221 48
2222 44
2223 36
2224 32
2225 38
2226 31
2227 34
2228 31
2229 37
2230 40
2231 46
2232 46
2233 41
2234 43
2235 44
2236 47
2237 41
2238 35
2239 43
2240 46
2241 47
2242 43
2243 47
2244 41
2245 39
2246 39
2247 42
2248 35
2249 42
2250 39
2251 46
2252 39
2253 35
2254 40
2255 40
2256 37
2257 40
2258 41
2259 44
2260 43
2261 40
2262 34
2263 38
2264 34
2265 34
2266 30
2267 33
2268 37
2269 41
2270 42
2271 40
2272 44
2273 46
2274 37
2275 31
2276 38
2277 38
2278 36
2279 38
2280 42
2281 46
2282 42
2283 47
2284 47
2285 54
2286 51
2287 49
2288 43
2289 42
2290 45
2291 51
2292 43
2293 35
2294 43
2295 44
2296 39
2297 38
2298 40
2299 41
2300 43
2301 42
2302 41
2303 31
2304 33
2305 35
2306 37
2307 33
2308 37
2309 42
2310 42
2311 44
2312 41
2313 44
2314 42
2315 37
2316 31
2317 46
2318 48
2319 50
2320 44
2321 42
2322 50
2323 63
2324 51
2325 41
2326 37
2327 44
2328 51
2329 44
2330 49
2331 39
2332 42
2333 35
2334 37
2335 37
2336 43
2337 39
2338 34
2339 34
2340 44
2341 37
2342 35
2343 43
2344 40
2345 50
2346 52
2347 44
2348 41
2349 40
2350 45
2351 37
2352 46
2353 36
2354 36
2355 41
2356 45
2357 44
2358 34
2359 31
2360 33
2361 32
2362 32
2363 32
2364 32
2365 38
2366 42
2367 48
2368 53
2369 39
2370 41
2371 41
2372 35
2373 36
2374 38
2375 38
2376 33
2377 37
2378 32
2379 35
2380 33
2381 36
2382 33
2383 33
2384 31
2385 37
2386 37
2387 38
2388 42
2389 37
2390 41
2391 40
2392 31
2393 39
2394 32
2395 38
2396 41
2397 42
2398 39
2399 33
2400 35
2401 39
2402 37
2403 41
2404 42
2405 43
2406 40
2407 40
2408 40
2409 36
2410 38
2411 40
2412 49
2413 41
2414 42
2415 43
2416 38
2417 35
2418 37
2419 35
2420 35
2421 36
2422 36
2423 45
2424 33
2425 32
2426 31
2427 33
2428 33
2429 35
2430 44
2431 44
2432 34
2433 31
2434 30
2435 40
2436 45
2437 53
2438 44
2439 48
2440 51
2441 50
2442 40
2443 37
2444 46
2445 42
2446 45
2447 42
2448 39
2449 40
2450 45
2451 58
2452 53
2453 54
2454 45
2455 38
2456 39
2457 44
2458 53
2459 55
2460 42
2461 44
2462 42
2463 51
2464 51
2465 44
2466 40
2467 37
2468 43
2469 49
2470 46
2471 37
2472 36
2473 35
2474 39
2475 52
2476 56
2477 51
2478 44
2479 36
2480 37
2481 38
2482 41
2483 43
2484 40
2485 41
2486 33
2487 30
2488 40
2489 43
2490 32
2491 37
2492 34
2493 31
2494 35
2495 38
2496 46
2497 50
2498 50
2499 55
2500 52
2501 39
2502 30
2503 41
2504 50
2505 37
2506 39
2507 40
2508 38
2509 33
2510 33
2511 38
2512 44
2513 43
2514 37
2515 35
2516 44
2517 38
2518 33
2519 37
2520 37
2521 37
2522 38
2523 41
2524 41
2525 41
2526 30
2527 42
2528 44
2529 50
2530 50
2531 47
2532 42
2533 39
2534 45
2535 44
2536 34
2537 27
2538 32
2539 40
2540 39
2541 34
2542 30
2543 28
2544 30
2545 32
2546 30
2547 28
2548 28
2549 37
2550 48
2551 47
2552 34
2553 43
2554 41
2555 34
2556 40
2557 54
2558 49
2559 51
2560 43
2561 50
2562 44
2563 37
2564 31
2565 36
2566 45
2567 46
2568 44
2569 41
2570 38
2571 32
2572 32
2573 35
2574 43
2575 50
2576 45
2577 41
2578 48
2579 43
2580 41
2581 53
2582 60
2583 61
2584 53
2585 44
2586 41
2587 35
2588 36
2589 35
2590 27
2591 25
2592 30
2593 34
2594 38
2595 45
2596 44
2597 43
2598 34
2599 35
2600 39
2601 38
2602 37
2603 46
2604 39
2605 41
2606 37
2607 38
2608 32
2609 35
2610 34
2611 34
2612 33
2613 44
2614 44
2615 42
2616 37
2617 41
2618 41
2619 47
2620 56
2621 49
2622 35
2623 45
2624 51
2625 50
2626 38
2627 28
2628 32
2629 37
2630 36
2631 39
2632 32
2633 38
2634 44
2635 45
2636 43
2637 35
2638 28
2639 25
2640 25
2641 28
2642 38
2643 44
2644 45
2645 42
2646 43
2647 46
2648 51
2649 40
2650 35
2651 36
2652 31
2653 31
2654 35
2655 40
2656 40
2657 32
2658 32
2659 39
2660 40
2661 39
2662 44
2663 44
2664 39
2665 37
2666 42
2667 47
2668 39
2669 32
2670 24
2671 36
2672 43
2673 40
2674 38
2675 39
2676 44
2677 45
2678 46
2679 47
2680 46
2681 48
2682 55
2683 53
2684 42
2685 34
2686 33
2687 39
2688 47
2689 49
2690 41
2691 39
2692 45
2693 44
2694 37
2695 38
2696 36
2697 39
2698 45
2699 45
2700 42
2701 33
2702 37
2703 38
2704 43
2705 46
2706 50
2707 51
2708 58
2709 45
2710 43
2711 44
2712 47
2713 40
2714 34
2715 34
2716 38
2717 37
2718 31
2719 32
2720 36
2721 28
2722 25
2723 25
2724 39
2725 44
2726 42
2727 46
2728 41
2729 42
2730 36
2731 39
2732 30
2733 37
2734 38
2735 39
2736 41
2737 36
2738 40
2739 42
2740 48
2741 43
2742 46
2743 48
2744 48
2745 42
2746 44
2747 32
2748 33
2749 35
2750 37
2751 34
2752 37
2753 36
2754 35
2755 38
2756 42
2757 39
2758 45
2759 37
2760 30
2761 28
2762 32
2763 32
2764 37
2765 45
2766 34
2767 29
2768 36
2769 38
2770 42
2771 43
2772 42
2773 41
2774 38
2775 41
2776 40
2777 48
2778 43
2779 50
2780 51
2781 48
2782 40
2783 36
2784 31
2785 34
2786 42
2787 43
2788 42
2789 38
2790 39
2791 46
2792 41
2793 38
2794 35
2795 36
2796 43
2797 36
2798 31
2799 36
2800 41
2801 48
2802 41
2803 37
2804 40
2805 42
2806 44
2807 43
2808 37
2809 28
2810 40
2811 41
2812 42
2813 41
2814 48
2815 42
2816 42
2817 41
2818 44
2819 41
2820 35
2821 35
2822 37
2823 35
2824 42
2825 49
2826 39
2827 38
2828 38
2829 42
2830 41
2831 44
2832 43
2833 50
2834 41
2835 34
2836 29
2837 32
2838 40
2839 38
2840 46
2841 41
2842 36
2843 38
2844 41
2845 43
2846 56
2847 49
2848 41
2849 36
2850 39
2851 38
2852 33
2853 40
2854 41
2855 30
2856 32
2857 43
2858 42
2859 40
2860 29
2861 34
2862 41
2863 42
2864 38
2865 43
2866 42
2867 44
2868 34
2869 21
2870 29
2871 37
2872 37
2873 39
2874 43
2875 42
2876 41
2877 39
2878 34
2879 33
2880 38
2881 32
2882 37
2883 26
2884 35
2885 35
2886 46
2887 47
2888 45
2889 38
2890 47
2891 53
2892 47
2893 44
2894 47
2895 41
2896 28
2897 36
2898 46
2899 50
2900 55
2901 46
2902 42
2903 40
2904 51
2905 50
2906 50
2907 48
2908 57
2909 42
2910 33
2911 33
2912 43
2913 40
2914 36
2915 35
2916 37
2917 38
2918 39
2919 44
2920 51
2921 43
2922 36
2923 28
2924 30
2925 32
2926 35
2927 35
2928 32
2929 35
2930 35
2931 47
2932 43
2933 36
2934 43
2935 40
2936 37
2937 39
2938 35
2939 41
2940 42
2941 42
2942 39
2943 41
2944 39
2945 43
2946 37
2947 30
2948 42
2949 43
2950 39
2951 43
2952 42
2953 32
2954 36
2955 46
2956 42
2957 30
2958 33
2959 37
2960 42
2961 43
2962 45
2963 42
2964 40
2965 36
2966 32
2967 43
2968 48
2969 35
2970 30
2971 35
2972 44
2973 43
2974 33
2975 39
2976 38
2977 35
2978 38
2979 42
2980 35
2981 38
2982 41
2983 44
2984 44
2985 43
2986 47
2987 42
2988 43
2989 45
2990 38
2991 31
2992 35
2993 45
2994 44
2995 39
2996 43
2997 44
2998 40
2999 38
3000 33
3001 28
3002 37
3003 50
3004 48
3005 43
3006 37
3007 37
3008 33
3009 35
3010 40
3011 45
3012 48
3013 52
3014 46
3015 37
3016 38
3017 36
3018 39
3019 38
3020 41
3021 41
3022 39
3023 29
3024 38
3025 38
3026 40
3027 40
3028 51
3029 49
3030 39
3031 34
3032 35
3033 32
3034 36
3035 34
3036 43
3037 44
3038 39
3039 41
3040 42
3041 48
3042 60
3043 55
3044 39
3045 37
3046 39
3047 39
3048 45
3049 39
3050 36
3051 39
3052 43
3053 44
3054 31
3055 34
3056 33
3057 32
3058 46
3059 43
3060 38
3061 37
3062 36
3063 47
3064 48
3065 51
3066 44
3067 48
3068 42
3069 37
3070 41
3071 42
3072 36
3073 30
3074 32
3075 30
3076 38
3077 47
3078 56
3079 58
3080 48
3081 43
3082 36
3083 44
3084 48
3085 42
3086 29
3087 30
3088 42
3089 45
3090 44
3091 31
3092 31
3093 41
3094 42
3095 50
3096 40
3097 39
3098 37
3099 38
3100 39
3101 41
3102 37
3103 40
3104 40
3105 40
3106 37
3107 34
3108 37
3109 36
3110 38
3111 38
3112 32
3113 39
3114 38
3115 37
3116 36
3117 33
3118 32
3119 35
3120 36
3121 39
3122 49
3123 42
3124 43
3125 38
3126 46
3127 48
3128 51
3129 42
3130 42
3131 46
3132 43
3133 51
3134 47
3135 42
3136 31
3137 30
3138 38
3139 42
3140 38
3141 30
3142 35
3143 33
3144 36
3145 38
3146 41
3147 47
3148 47
3149 40
3150 43
3151 51
3152 43
3153 38
3154 36
3155 32
3156 30
3157 31
3158 31
3159 44
3160 52
3161 48
3162 38
3163 39
3164 31
3165 31
3166 38
3167 45
3168 47
3169 46
3170 46
3171 39
3172 39
3173 36
3174 40
3175 49
3176 44
3177 44
3178 48
3179 46
3180 37
3181 36
3182 40
3183 40
3184 41
3185 38
3186 35
3187 39
3188 46
3189 47
3190 49
3191 44
3192 38
3193 47
3194 46
3195 46
3196 47
3197 41
3198 33
3199 39
3200 36
3201 31
3202 28
3203 36
3204 38
3205 35
3206 30
3207 39
3208 42
3209 50
3210 49
3211 36
3212 34
3213 35
3214 44
3215 41
3216 43
3217 39
3218 33
3219 35
3220 35
3221 35
3222 31
3223 45
3224 47
3225 41
3226 30
3227 35
3228 37
3229 39
3230 41
3231 33
3232 32
3233 36
3234 42
3235 45
3236 47
3237 50
3238 42
3239 45
3240 44
3241 47
3242 42
3243 35
3244 30
3245 34
3246 30
3247 28
3248 36
3249 42
3250 44
3251 39
3252 41
3253 41
3254 43
3255 41
3256 49
3257 42
3258 37
3259 38
3260 40
3261 34
3262 43
3263 43
3264 41
3265 35
3266 42
3267 45
3268 43
3269 39
3270 35
3271 40
3272 33
3273 38
3274 39
3275 41
3276 45
3277 42
3278 41
3279 43
3280 47
3281 46
3282 35
3283 28
3284 28
3285 33
3286 34
3287 40
3288 43
3289 43
3290 39
3291 32
3292 38
3293 31
3294 32
3295 46
3296 59
3297 50
3298 43
3299 38
3300 42
3301 35
3302 35
3303 34
3304 40
3305 50
3306 51
3307 35
3308 39
3309 41
3310 42
3311 35
3312 31
3313 33
3314 46
3315 47
3316 44
3317 28
3318 30
3319 28
3320 31
3321 30
3322 36
3323 36
3324 37
3325 40
3326 44
3327 45
3328 50
3329 42
3330 39
3331 36
3332 37
3333 38
3334 44
3335 38
3336 36
3337 34
3338 25
3339 35
3340 39
3341 41
3342 32
3343 46
3344 49
3345 40
3346 35
3347 41
3348 39
3349 35
3350 32
3351 30
3352 28
3353 36
3354 41
3355 39
3356 31
3357 30
3358 33
3359 31
3360 45
3361 40
3362 41
3363 46
3364 44
3365 39
3366 37
3367 36
3368 43
3369 52
3370 46
3371 52
3372 53
3373 53
3374 45
3375 43
3376 41
3377 40
3378 42
3379 49
3380 36
3381 35
3382 42
3383 47
3384 50
3385 46
3386 44
3387 36
3388 40
3389 40
3390 46
3391 49
3392 52
3393 37
3394 34
3395 47
3396 45
3397 35
3398 35
3399 34
3400 30
3401 40
3402 48
3403 43
3404 37
3405 32
3406 36
3407 33
3408 34
3409 32
3410 46
3411 48
3412 39
3413 39
3414 47
3415 44
3416 42
3417 44
3418 54
3419 52
3420 48
3421 42
3422 44
3423 34
3424 27
3425 34
3426 45
3427 38
3428 35
3429 29
3430 27
3431 32
3432 31
3433 31
3434 33
3435 34
3436 34
3437 36
3438 39
3439 32
3440 31
3441 31
3442 38
3443 41
3444 46
3445 43
3446 44
3447 48
3448 39
3449 38
3450 30
3451 32
3452 34
3453 43
3454 47
3455 43
3456 45
3457 42
3458 35
3459 33
3460 40
3461 45
3462 46
3463 47
3464 36
3465 35
3466 39
3467 39
3468 47
3469 47
3470 47
3471 44
3472 39
3473 40
3474 46
3475 44
3476 43
3477 48
3478 50
3479 53
3480 47
3481 36
3482 36
3483 37
3484 36
3485 32
3486 29
3487 31
3488 37
3489 39
3490 41
3491 40
3492 37
3493 46
3494 46
3495 55
3496 48
3497 47
3498 49
3499 44
3500 45
3501 44
3502 38
3503 44
3504 37
3505 33
3506 38
3507 41
3508 43
3509 34
3510 34
3511 31
3512 30
3513 33
3514 37
3515 53
3516 51
3517 41
3518 39
3519 36
3520 29
3521 34
3522 34
3523 32
3524 35
3525 41
3526 42
3527 45
3528 43
3529 53
3530 49
3531 42
3532 49
3533 51
3534 46
3535 40
3536 39
3537 28
3538 34
3539 38
3540 34
3541 39
3542 42
3543 48
3544 36
3545 30
3546 32
3547 35
3548 39
3549 43
3550 56
3551 51
3552 47
3553 42
3554 39
3555 36
3556 33
3557 37
3558 30
3559 36
3560 41
3561 45
3562 37
3563 46
3564 45
3565 43
3566 41
3567 39
3568 42
3569 44
3570 42
3571 36
3572 33
3573 33
3574 35
3575 37
3576 47
3577 52
3578 49
3579 37
3580 40
3581 40
3582 40
3583 45
3584 43
3585 44
3586 34
3587 35
3588 40
3589 44
3590 47
3591 45
3592 39
3593 36
3594 36
3595 41
3596 37
3597 37
3598 41
3599 40
3600 38
3601 30
3602 36
3603 42
3604 43
3605 41
3606 42
3607 32
3608 34
3609 37
3610 43
3611 36
3612 47
3613 46
3614 43
3615 50
3616 46
3617 33
3618 39
3619 45
3620 37
3621 35
3622 43
3623 43
3624 45
3625 36
3626 37
3627 38
3628 38
3629 38
3630 34
3631 41
3632 43
3633 33
3634 38
3635 48
3636 45
3637 44
3638 40
3639 41
3640 42
3641 40
3642 31
3643 37
3644 40
3645 38
3646 35
3647 31
3648 52
3649 48
3650 40
3651 37
3652 39
3653 41
3654 47
3655 49
3656 39
3657 42
3658 43
3659 46
3660 41
3661 40
3662 29
3663 34
3664 42
3665 48
3666 45
3667 47
3668 53
3669 48
3670 41
3671 30
3672 28
3673 40
3674 52
3675 43
3676 37
3677 39
3678 51
3679 48
3680 42
3681 47
3682 48
3683 43
3684 35
3685 32
3686 34
3687 40
3688 42
3689 46
3690 46
3691 48
3692 37
3693 34
3694 39
3695 41
3696 43
3697 37
3698 44
3699 50
3700 43
3701 51
3702 46
3703 50
3704 49
3705 45
3706 46
3707 41
3708 31
3709 33
3710 41
3711 50
3712 43
3713 40
3714 49
3715 48
3716 43
3717 30
3718 39
3719 37
3720 34
3721 35
3722 41
3723 40
3724 45
3725 44
3726 47
3727 51
3728 46
3729 39
3730 39
3731 41
3732 35
3733 38
3734 37
3735 32
3736 32
3737 26
3738 29
3739 40
3740 47
3741 35
3742 31
3743 31
3744 42
3745 46
3746 43
3747 46
3748 48
3749 44
3750 44
3751 36
3752 29
3753 29
3754 38
3755 40
3756 45
3757 43
3758 34
3759 38
3760 46
3761 48
3762 36
3763 36
3764 29
3765 34
3766 37
3767 39
3768 39
3769 33
3770 33
3771 33
3772 39
3773 42
3774 44
3775 43
3776 40
3777 33
3778 35
3779 35
3780 39
3781 43
3782 53
3783 51
3784 56
3785 46
3786 44
3787 37
3788 35
3789 36
3790 36
3791 36
3792 34
3793 29
3794 35
3795 42
3796 35
3797 37
3798 47
3799 53
3800 51
3801 51
3802 46
3803 49
3804 43
3805 31
3806 26
3807 34
3808 34
3809 45
3810 50
3811 44
3812 39
3813 39
3814 38
3815 42
3816 40
3817 32
3818 28
3819 27
3820 25
3821 30
3822 43
3823 52
3824 47
3825 41
3826 35
3827 27
3828 36
3829 38
3830 45
3831 41
3832 39
3833 40
3834 43
3835 41
3836 38
3837 34
3838 39
3839 32
3840 31
3841 36
3842 37
3843 38
3844 37
3845 39
3846 38
3847 47
3848 41
3849 38
3850 39
3851 42
3852 37
3853 30
3854 33
3855 34
3856 36
3857 30
3858 37
3859 39
3860 45
3861 42
3862 36
3863 38
3864 45
3865 42
3866 47
3867 45
3868 40
3869 38
3870 49
3871 48
3872 51
3873 49
3874 42
3875 48
3876 46
3877 36
3878 34
3879 35
3880 40
3881 40
3882 31
3883 35
3884 43
3885 47
3886 39
3887 37
3888 36
3889 33
3890 36
3891 32
3892 36
3893 33
3894 37
3895 39
3896 40
3897 35
3898 33
3899 37
3900 43
3901 33
3902 39
3903 43
3904 34
3905 36
3906 46
3907 50
3908 42
3909 47
3910 45
3911 45
3912 35
3913 37
3914 37
3915 35
3916 41
3917 39
3918 40
3919 38
3920 37
3921 33
3922 46
3923 41
3924 42
3925 43
3926 42
3927 40
3928 33
3929 38
3930 51
3931 44
3932 40
3933 42
3934 40
3935 36
3936 38
3937 38
3938 33
3939 32
3940 32
3941 43
3942 42
3943 45
3944 40
3945 37
3946 31
3947 31
3948 36
3949 45
3950 42
3951 45
3952 44
3953 53
3954 51
3955 44
3956 34
3957 38
3958 36
3959 36
3960 31
3961 38
3962 43
3963 47
3964 51
3965 45
3966 46
3967 51
3968 34
3969 39
3970 39
3971 34
3972 41
3973 41
3974 39
3975 38
3976 33
3977 31
3978 30
3979 40
3980 37
3981 39
3982 41
3983 45
3984 39
3985 43
3986 42
3987 45
3988 44
3989 39
3990 32
3991 25
3992 36
3993 47
3994 44
3995 44
3996 40
3997 38
3998 38
3999 38
4000 39
