1 20
2 25
3 26
4 29
5 34
6 38
7 39
8 43
9 45
10 49
11 54
12 61
13 68
14 73
15 75
16 78
17 79
18 80
19 84
20 89
21 92
22 95
23 97
24 99
25 104
26 108
27 114
28 117
29 119
30 121
31 125
32 127
33 133
34 136
35 139
36 143
37 145
38 150
39 151
40 153
41 158
42 164
43 172
44 177
45 180
46 185
47 186
48 188
49 193
50 198
51 203
52 209
53 216
54 220
55 223
56 228
57 232
58 235
59 239
60 243
61 245
62 250
63 252
64 253
65 265
66 268
67 269
68 272
69 275
70 282
71 286
72 293
73 294
74 298
75 301
76 306
77 308
78 313
79 315
80 323
81 325
82 327
83 329
84 330
85 334
86 336
87 342
88 345
89 351
90 355
91 358
92 361
93 364
94 369
95 372
96 377
97 380
98 381
99 385
100 387
101 395
102 399
103 404
104 412
105 415
106 417
107 424
108 428
109 434
110 440
111 441
112 443
113 445
114 446
115 447
116 452
117 454
118 457
119 463
120 466
121 470
122 473
123 475
124 480
125 485
126 492
127 497
128 501
129 507
130 513
131 520
132 526
133 530
134 535
135 540
136 543
137 549
138 551
139 555
140 557
141 560
142 567
143 569
144 574
145 578
146 583
147 586
148 591
149 594
150 596
151 605
152 608
153 611
154 613
155 617
156 621
157 624
158 630
159 634
160 639
161 645
162 651
163 654
164 656
165 658
166 664
167 668
168 676
169 680
170 682
171 683
172 686
173 690
174 696
175 700
176 703
177 709
178 711
179 715
180 722
181 723
182 726
183 727
184 731
185 738
186 741
187 746
188 748
189 751
190 757
191 761
192 769
193 774
194 782
195 784
196 786
197 781
198 784
199 787
200 788
201 793
202 791
203 795
204 798
205 794
206 795
207 797
208 798
209 798
210 798
211 797
212 796
213 794
214 792
215 798
216 799
217 803
218 808
219 807
220 804
221 806
222 806
223 806
224 811
225 812
226 811
227 806
228 805
229 808
230 807
231 806
232 810
233 807
234 808
235 812
236 813
237 814
238 811
239 815
240 818
241 818
242 815
243 809
244 808
245 808
246 805
247 809
248 809
249 807
250 809
251 806
252 802
253 800
254 800
255 799
256 800
257 802
258 803
259 804
260 806
261 812
262 810
263 811
264 810
265 803
266 802
267 804
268 805
269 805
270 804
271 805
272 802
273 802
274 802
275 801
276 799
277 803
278 802
279 805
280 803
281 806
282 806
283 808
284 813
285 812
286 811
287 808
288 812
289 809
290 809
291 811
292 812
293 811
294 807
295 807
296 806
297 807
298 809
299 807
300 809
301 807
302 808
303 804
304 800
305 804
306 806
307 802
308 800
309 797
310 797
311 801
312 807
313 808
314 811
315 818
316 819
317 819
318 820
319 818
320 819
321 818
322 821
323 822
324 821
325 823
326 819
327 818
328 819
329 820
330 817
331 811
332 812
333 813
334 813
335 809
336 810
337 811
338 811
339 814
340 814
341 814
342 814
343 815
344 813
345 814
346 810
347 811
348 812
349 814
350 818
351 818
352 821
353 821
354 820
355 824
356 821
357 820
358 820
359 821
360 819
361 818
362 817
363 818
364 818
365 819
366 817
367 816
368 815
369 816
370 816
371 821
372 823
373 823
374 819
375 819
376 819
377 818
378 823
379 823
380 819
381 825
382 826
383 832
384 833
385 829
386 829
387 827
388 827
389 828
390 825
391 826
392 818
393 818
394 817
395 822
396 824
397 827
398 829
399 827
400 829
401 825
402 825
403 823
404 824
405 827
406 823
407 823
408 820
409 822
410 819
411 820
412 819
413 816
414 823
415 821
416 825
417 826
418 824
419 824
420 826
421 826
422 828
423 831
424 827
425 824
426 825
427 831
428 833
429 830
430 831
431 834
432 834
433 834
434 837
435 831
436 832
437 831
438 834
439 831
440 830
441 827
442 825
443 826
444 827
445 829
446 829
447 828
448 832
449 837
450 836
451 838
452 841
453 840
454 838
455 838
456 837
457 832
458 830
459 829
460 827
461 821
462 824
463 825
464 830
465 830
466 832
467 835
468 836
469 838
470 834
471 830
472 829
473 829
474 827
475 826
476 828
477 824
478 825
479 824
480 821
481 820
482 820
483 820
484 817
485 823
486 826
487 827
488 825
489 826
490 825
491 825
492 826
493 828
494 831
495 828
496 830
497 832
498 832
499 832
500 832
501 828
502 825
503 828
504 827
505 825
506 827
507 826
508 825
509 825
510 823
511 824
512 816
513 814
514 815
515 812
516 812
517 814
518 815
519 815
520 816
521 818
522 815
523 815
524 813
525 809
526 808
527 806
528 803
529 798
530 798
531 802
532 799
533 799
534 800
535 801
536 800
537 797
538 801
539 799
540 801
541 802
542 803
543 804
544 803
545 805
546 807
547 807
548 807
549 805
550 805
551 799
552 799
553 798
554 801
555 799
556 801
557 804
558 803
559 804
560 804
561 805
562 802
563 803
564 804
565 804
566 801
567 802
568 797
569 796
570 803
571 801
572 801
573 799
574 803
575 800
576 800
577 800
578 794
579 796
580 795
581 792
582 790
583 787
584 785
585 785
586 787
587 785
588 790
589 787
590 791
591 787
592 791
593 787
594 786
595 783
596 780
597 777
598 770
599 771
600 771
601 768
602 770
603 773
604 770
605 769
606 770
607 772
608 777
609 773
610 777
611 774
612 769
613 773
614 772
615 769
616 767
617 766
618 766
619 772
620 775
621 774
622 773
623 772
624 773
625 771
626 774
627 772
628 773
629 775
630 773
631 771
632 766
633 767
634 767
635 772
636 766
637 766
638 767
639 767
640 768
641 771
642 774
643 777
644 773
645 778
646 780
647 777
648 775
649 772
650 771
651 770
652 768
653 764
654 767
655 768
656 766
657 771
658 771
659 770
660 769
661 775
662 775
663 777
664 774
665 774
666 773
667 772
668 772
669 771
670 775
671 777
672 777
673 780
674 779
675 783
676 782
677 783
678 781
679 783
680 785
681 788
682 788
683 786
684 785
685 781
686 782
687 780
688 782
689 784
690 787
691 787
692 785
693 786
694 786
695 790
696 787
697 786
698 785
699 787
700 788
701 788
702 794
703 794
704 793
705 789
706 788
707 793
708 795
709 795
710 796
711 795
712 799
713 802
714 804
715 806
716 802
717 805
718 806
719 804
720 803
721 803
722 804
723 804
724 808
725 806
726 809
727 811
728 814
729 816
730 818
731 818
732 819
733 816
734 819
735 825
736 823
737 824
738 818
739 816
740 819
741 817
742 812
743 809
744 811
745 807
746 806
747 803
748 801
749 805
750 801
751 804
752 805
753 804
754 803
755 800
756 799
757 798
758 797
759 794
760 797
761 795
762 796
763 798
764 798
765 801
766 805
767 803
768 809
769 811
770 806
771 803
772 801
773 802
774 801
775 805
776 802
777 798
778 801
779 798
780 800
781 803
782 807
783 807
784 808
785 811
786 811
787 814
788 812
789 814
790 810
791 811
792 812
793 815
794 812
795 814
796 817
797 817
798 829
799 827
800 825
801 825
802 823
803 821
804 821
805 819
806 820
807 821
808 818
809 823
810 822
811 824
812 826
813 822
814 818
815 820
816 819
817 817
818 819
819 814
820 813
821 817
822 818
823 818
824 815
825 820
826 814
827 814
828 812
829 813
830 819
831 821
832 823
833 820
834 815
835 813
836 817
837 822
838 820
839 823
840 822
841 823
842 825
843 824
844 825
845 817
846 820
847 826
848 825
849 825
850 824
851 830
852 830
853 834
854 830
855 833
856 833
857 833
858 834
859 832
860 833
861 829
862 825
863 821
864 824
865 821
866 823
867 819
868 818
869 817
870 813
871 812
872 815
873 817
874 817
875 817
876 814
877 815
878 816
879 810
880 806
881 804
882 806
883 811
884 811
885 810
886 811
887 811
888 808
889 806
890 804
891 806
892 809
893 809
894 809
895 811
896 813
897 810
898 810
899 809
900 806
901 810
902 810
903 810
904 811
905 816
906 817
907 813
908 813
909 817
910 818
911 817
912 820
913 819
914 816
915 812
916 813
917 811
918 809
919 810
920 809
921 805
922 803
923 804
924 798
925 802
926 803
927 803
928 798
929 800
930 797
931 797
932 793
933 793
934 790
935 788
936 790
937 788
938 793
939 796
940 796
941 798
942 797
943 801
944 802
945 803
946 807
947 808
948 810
949 805
950 806
951 803
952 803
953 805
954 806
955 806
956 810
957 809
958 809
959 812
960 811
961 810
962 815
963 810
964 810
965 807
966 807
967 810
968 804
969 803
970 802
971 803
972 803
973 804
974 802
975 797
976 798
977 800
978 800
979 800
980 801
981 800
982 797
983 795
984 793
985 791
986 788
987 789
988 788
989 789
990 788
991 789
992 785
993 785
994 792
995 789
996 793
997 796
998 788
999 787
1000 789
