1 50
2 56
3 65
4 72
5 79
6 81
7 88
8 97
9 104
10 112
11 120
12 127
13 139
14 144
15 154
16 162
17 170
18 178
19 183
20 194
21 201
22 210
23 218
24 227
25 233
26 244
27 250
28 257
29 265
30 270
31 279
32 287
33 294
34 299
35 309
36 316
37 322
38 328
39 340
40 352
41 361
42 377
43 384
44 392
45 401
46 410
47 417
48 431
49 444
50 451
51 454
52 461
53 467
54 479
55 486
56 491
57 502
58 514
59 525
60 533
61 544
62 547
63 555
64 571
65 584
66 590
67 597
68 609
69 617
70 625
71 634
72 641
73 646
74 650
75 652
76 658
77 668
78 672
79 677
80 685
81 697
82 707
83 715
84 720
85 727
86 736
87 749
88 757
89 767
90 776
91 788
92 796
93 804
94 813
95 822
96 825
97 822
98 825
99 823
100 814
101 810
102 817
103 813
104 814
105 812
106 819
107 826
108 829
109 829
110 829
111 834
112 835
113 830
114 832
115 831
116 831
117 826
118 822
119 825
120 825
121 822
122 822
123 822
124 820
125 823
126 819
127 822
128 820
129 820
130 827
131 829
132 829
133 826
134 832
135 826
136 827
137 833
138 836
139 839
140 835
141 835
142 823
143 824
144 823
145 819
146 819
147 822
148 814
149 807
150 811
151 819
152 822
153 825
154 820
155 818
156 815
157 811
158 813
159 815
160 816
161 807
162 816
163 813
164 806
165 802
166 803
167 805
168 803
169 800
170 796
171 796
172 800
173 799
174 806
175 817
176 815
177 811
178 816
179 823
180 822
181 817
182 817
183 818
184 822
185 822
186 821
187 813
188 812
189 810
190 810
191 806
192 804
193 802
194 800
195 796
196 797
197 801
198 798
199 807
200 808
201 806
202 800
203 808
204 808
205 810
206 814
207 812
208 808
209 815
210 812
211 802
212 798
213 796
214 797
215 793
216 795
217 795
218 797
219 799
220 800
221 801
222 801
223 800
224 802
225 804
226 809
227 810
228 812
229 816
230 814
231 817
232 815
233 818
234 818
235 819
236 823
237 818
238 815
239 809
240 811
241 810
242 817
243 824
244 827
245 833
246 832
247 823
248 826
249 825
250 823
251 817
252 816
253 816
254 816
255 824
256 832
257 834
258 829
259 822
260 821
261 826
262 818
263 819
264 822
265 822
266 821
267 820
268 817
269 816
270 819
271 818
272 816
273 824
274 821
275 821
276 827
277 826
278 821
279 816
280 813
281 819
282 819
283 816
284 811
285 811
286 808
287 812
288 812
289 811
290 812
291 820
292 820
293 820
294 819
295 819
296 826
297 826
298 826
299 819
300 816
301 823
302 825
303 816
304 816
305 818
306 812
307 810
308 811
309 809
310 813
311 815
312 818
313 825
314 821
315 827
316 828
317 834
318 835
319 830
320 823
321 826
322 826
323 829
324 830
325 824
326 826
327 822
328 824
329 824
330 824
331 817
332 818
333 821
334 819
335 816
336 807
337 804
338 811
339 806
340 808
341 809
342 804
343 799
344 797
345 797
346 799
347 801
348 797
349 801
350 803
351 803
352 805
353 803
354 804
355 797
356 793
357 793
358 787
359 793
360 796
361 799
362 804
363 805
364 800
365 796
366 796
367 796
368 800
369 805
370 806
371 802
372 799
373 795
374 795
375 788
376 788
377 788
378 788
379 785
380 793
381 790
382 785
383 784
384 792
385 795
386 796
387 794
388 791
389 788
390 783
391 769
392 773
393 772
394 774
395 783
396 782
397 779
398 777
399 778
400 777
401 772
402 773
403 774
404 772
405 772
406 770
407 765
408 763
409 759
410 757
411 764
412 761
413 755
414 758
415 752
416 749
417 747
418 745
419 745
420 744
421 749
422 746
423 746
424 743
425 748
426 739
427 741
428 741
429 735
430 733
431 735
432 738
433 731
434 729
435 731
436 737
437 745
438 740
439 741
440 734
441 727
442 725
443 729
444 740
445 743
446 741
447 742
448 743
449 742
450 740
451 740
452 737
453 737
454 736
455 737
456 738
457 745
458 750
459 742
460 738
461 735
462 733
463 735
464 736
465 741
466 741
467 736
468 734
469 739
470 739
471 739
472 734
473 737
474 735
475 735
476 734
477 740
478 747
479 753
480 743
481 741
482 747
483 757
484 750
485 750
486 756
487 758
488 762
489 765
490 767
491 776
492 774
493 776
494 778
495 772
496 767
497 764
498 766
499 766
500 771
501 772
502 771
503 774
504 775
505 772
506 788
507 792
508 791
509 790
510 789
511 784
512 792
513 799
514 798
515 803
516 806
517 803
518 808
519 811
520 813
521 807
522 812
523 812
524 819
525 815
526 822
527 819
528 818
529 821
530 822
531 815
532 810
533 814
534 817
535 824
536 824
537 823
538 819
539 822
540 824
541 832
542 834
543 830
544 819
545 814
546 811
547 816
548 821
549 818
550 813
551 815
552 819
553 825
554 829
555 827
556 831
557 822
558 821
559 824
560 827
561 830
562 828
563 826
564 822
565 819
566 817
567 823
568 823
569 816
570 814
571 820
572 829
573 826
574 824
575 829
576 830
577 824
578 822
579 822
580 826
581 825
582 822
583 812
584 814
585 813
586 809
587 807
588 802
589 804
590 804
591 797
592 796
593 799
594 803
595 803
596 806
597 809
598 814
599 811
600 809
601 810
602 808
603 810
604 816
605 816
606 804
607 803
608 806
609 807
610 806
611 807
612 803
613 801
614 800
615 799
616 792
617 796
618 795
619 796
620 797
621 798
622 796
623 797
624 792
625 797
626 793
627 790
628 792
629 799
630 794
631 799
632 802
633 800
634 800
635 793
636 794
637 793
638 797
639 799
640 796
641 794
642 797
643 795
644 792
645 788
646 792
647 786
648 786
649 787
650 789
651 794
652 792
653 789
654 791
655 792
656 793
657 793
658 798
659 799
660 797
661 799
662 804
663 806
664 806
665 807
666 813
667 815
668 814
669 818
670 819
671 815
672 811
673 811
674 816
675 819
676 817
677 822
678 821
679 822
680 825
681 825
682 826
683 829
684 831
685 836
686 834
687 839
688 842
689 842
690 845
691 845
692 842
693 841
694 832
695 831
696 829
697 832
698 826
699 830
700 837
701 831
702 832
703 833
704 826
705 830
706 831
707 831
708 829
709 828
710 824
711 825
712 823
713 821
714 822
715 823
716 821
717 819
718 819
719 822
720 822
721 819
722 817
723 811
724 813
725 810
726 806
727 819
728 817
729 809
730 812
731 809
732 804
733 812
734 810
735 812
736 808
737 807
738 804
739 802
740 802
741 805
742 807
743 803
744 811
745 820
746 820
747 824
748 819
749 820
750 822
751 820
752 816
753 816
754 814
755 819
756 812
757 813
758 810
759 807
760 808
761 808
762 805
763 804
764 812
765 810
766 814
767 815
768 811
769 808
770 811
771 818
772 815
773 819
774 817
775 809
776 810
777 814
778 815
779 812
780 812
781 811
782 812
783 813
784 809
785 806
786 809
787 803
788 805
789 805
790 803
791 806
792 812
793 811
794 814
795 812
796 812
797 808
798 806
799 806
800 803
801 804
802 808
803 802
804 801
805 800
806 799
807 800
808 801
809 799
810 807
811 803
812 800
813 798
814 801
815 801
816 803
817 805
818 804
819 801
820 803
821 810
822 811
823 813
824 812
825 814
826 818
827 818
828 820
829 816
830 821
831 824
832 827
833 820
834 821
835 818
836 823
837 824
838 827
839 830
840 839
841 838
842 834
843 834
844 826
845 822
846 818
847 819
848 821
849 824
850 821
851 819
852 815
853 814
854 811
855 808
856 810
857 809
858 810
859 818
860 812
861 811
862 811
863 815
864 806
865 809
866 803
867 801
868 803
869 807
870 801
871 792
872 798
873 789
874 788
875 788
876 786
877 783
878 775
879 771
880 770
881 773
882 777
883 777
884 778
885 773
886 776
887 777
888 779
889 780
890 780
891 778
892 779
893 777
894 779
895 779
896 784
897 787
898 794
899 794
900 792
901 796
902 794
903 796
904 799
905 794
906 795
907 794
908 796
909 795
910 805
911 807
912 809
913 808
914 805
915 806
916 810
917 809
918 813
919 810
920 814
921 809
922 810
923 809
924 807
925 807
926 809
927 796
928 799
929 808
930 806
931 815
932 815
933 815
934 811
935 817
936 815
937 814
938 812
939 806
940 805
941 802
942 801
943 802
944 802
945 805
946 808
947 806
948 807
949 808
950 812
951 811
952 815
953 814
954 816
955 815
956 818
957 814
958 810
959 802
960 807
961 806
962 804
963 797
964 804
965 806
966 805
967 797
968 796
969 790
970 794
971 797
972 797
973 801
974 804
975 800
976 807
977 802
978 808
979 810
980 808
981 809
982 803
983 801
984 800
985 802
986 800
987 797
988 789
989 789
990 788
991 787
992 779
993 778
994 780
995 787
996 779
997 780
998 777
999 777
1000 782
1001 779
1002 777
1003 777
1004 776
1005 780
1006 775
1007 775
1008 771
1009 768
1010 760
1011 763
1012 766
1013 765
1014 765
1015 761
1016 764
1017 766
1018 769
1019 772
1020 770
1021 771
1022 768
1023 771
1024 774
1025 775
1026 773
1027 774
1028 768
1029 763
1030 765
1031 753
1032 756
1033 752
1034 757
1035 757
1036 752
1037 751
1038 755
1039 757
1040 752
1041 753
1042 756
1043 757
1044 757
1045 756
1046 752
1047 753
1048 753
1049 754
1050 753
1051 757
1052 757
1053 754
1054 750
1055 754
1056 752
1057 757
1058 762
1059 766
1060 769
1061 766
1062 767
1063 774
1064 768
1065 761
1066 764
1067 777
1068 784
1069 791
1070 792
1071 793
1072 793
1073 796
1074 797
1075 804
1076 801
1077 810
1078 812
1079 813
1080 810
1081 812
1082 810
1083 813
1084 816
1085 822
1086 821
1087 824
1088 833
1089 834
1090 838
1091 836
1092 840
1093 842
1094 839
1095 836
1096 840
1097 842
1098 841
1099 843
1100 840
1101 842
1102 842
1103 838
1104 838
1105 840
1106 847
1107 845
1108 846
1109 852
1110 851
1111 846
1112 846
1113 849
1114 858
1115 857
1116 854
1117 852
1118 847
1119 840
1120 844
1121 846
1122 843
1123 842
1124 837
1125 834
1126 832
1127 837
1128 837
1129 839
1130 832
1131 833
1132 835
1133 843
1134 844
1135 841
1136 845
1137 841
1138 839
1139 847
1140 844
1141 842
1142 835
1143 835
1144 844
1145 844
1146 847
1147 844
1148 839
1149 833
1150 838
1151 836
1152 833
1153 836
1154 841
1155 837
1156 838
1157 833
1158 829
1159 828
1160 825
1161 825
1162 829
1163 828
1164 829
1165 830
1166 825
1167 817
1168 812
1169 808
1170 806
1171 806
1172 804
1173 807
1174 813
1175 809
1176 803
1177 794
1178 795
1179 793
1180 795
1181 792
1182 797
1183 796
1184 793
1185 781
1186 782
1187 788
1188 783
1189 784
1190 782
1191 788
1192 787
1193 788
1194 791
1195 786
1196 786
1197 783
1198 787
1199 791
1200 789
1201 787
1202 784
1203 786
1204 786
1205 788
1206 781
1207 778
1208 777
1209 779
1210 775
1211 777
1212 774
1213 772
1214 764
1215 764
1216 762
1217 763
1218 762
1219 772
1220 767
1221 762
1222 766
1223 765
1224 764
1225 764
1226 767
1227 771
1228 773
1229 772
1230 780
1231 784
1232 781
1233 779
1234 777
1235 782
1236 786
1237 787
1238 787
1239 783
1240 792
1241 796
1242 799
1243 801
1244 794
1245 792
1246 794
1247 803
1248 804
1249 803
1250 804
1251 805
1252 808
1253 806
1254 801
1255 806
1256 807
1257 812
1258 809
1259 809
1260 812
1261 814
1262 814
1263 811
1264 817
1265 820
1266 822
1267 824
1268 823
1269 821
1270 822
1271 820
1272 814
1273 810
1274 801
1275 801
1276 807
1277 808
1278 810
1279 814
1280 814
1281 814
1282 814
1283 808
1284 812
1285 822
1286 818
1287 814
1288 816
1289 808
1290 806
1291 807
1292 808
1293 807
1294 801
1295 805
1296 805
1297 803
1298 801
1299 799
1300 801
1301 799
1302 810
1303 814
1304 814
1305 811
1306 814
1307 823
1308 823
1309 819
1310 823
1311 828
1312 832
1313 832
1314 833
1315 840
1316 843
1317 846
1318 844
1319 838
1320 832
1321 842
1322 849
1323 852
1324 857
1325 860
1326 855
1327 847
1328 847
1329 850
1330 846
1331 840
1332 836
1333 835
1334 833
1335 831
1336 826
1337 829
1338 829
1339 831
1340 826
1341 826
1342 830
1343 828
1344 828
1345 822
1346 830
1347 826
1348 828
1349 834
1350 825
1351 824
1352 824
1353 828
1354 827
1355 823
1356 820
1357 818
1358 824
1359 824
1360 816
1361 811
1362 808
1363 808
1364 802
1365 805
1366 803
1367 802
1368 804
1369 806
1370 804
1371 802
1372 807
1373 802
1374 800
1375 802
1376 797
1377 799
1378 798
1379 798
1380 804
1381 802
1382 798
1383 803
1384 801
1385 795
1386 800
1387 798
1388 806
1389 812
1390 812
1391 809
1392 811
1393 817
1394 823
1395 825
1396 823
1397 821
1398 818
1399 811
1400 810
1401 812
1402 808
1403 808
1404 807
1405 808
1406 805
1407 805
1408 808
1409 810
1410 809
1411 805
1412 802
1413 803
1414 803
1415 795
1416 793
1417 789
1418 790
1419 792
1420 793
1421 786
1422 778
1423 773
1424 768
1425 769
1426 779
1427 784
1428 781
1429 777
1430 776
1431 780
1432 786
1433 785
1434 786
1435 784
1436 785
1437 780
1438 779
1439 777
1440 775
1441 775
1442 778
1443 781
1444 783
1445 793
1446 784
1447 779
1448 779
1449 778
1450 781
1451 777
1452 779
1453 771
1454 773
1455 770
1456 768
1457 772
1458 766
1459 766
1460 771
1461 782
1462 785
1463 787
1464 790
1465 786
1466 789
1467 795
1468 792
1469 790
1470 791
1471 793
1472 792
1473 794
1474 795
1475 794
1476 797
1477 791
1478 786
1479 786
1480 784
1481 782
1482 783
1483 784
1484 784
1485 786
1486 782
1487 781
1488 775
1489 770
1490 776
1491 790
1492 789
1493 782
1494 776
1495 772
1496 781
1497 783
1498 782
1499 787
1500 784
1501 783
1502 780
1503 776
1504 778
1505 776
1506 779
1507 775
1508 774
1509 778
1510 778
1511 774
1512 774
1513 779
1514 782
1515 782
1516 788
1517 788
1518 785
1519 791
1520 794
1521 791
1522 791
1523 800
1524 804
1525 797
1526 790
1527 787
1528 787
1529 787
1530 787
1531 785
1532 784
1533 787
1534 788
1535 790
1536 796
1537 797
1538 801
1539 801
1540 806
1541 805
1542 803
1543 804
1544 803
1545 798
1546 802
1547 805
1548 805
1549 801
1550 804
1551 808
1552 806
1553 811
1554 815
1555 822
1556 823
1557 822
1558 830
1559 831
1560 834
1561 829
1562 826
1563 822
1564 819
1565 824
1566 820
1567 817
1568 822
1569 827
1570 828
1571 826
1572 831
1573 833
1574 843
1575 850
1576 848
1577 853
1578 856
1579 852
1580 857
1581 859
1582 854
1583 858
1584 857
1585 852
1586 854
1587 856
1588 851
1589 854
1590 849
1591 832
1592 835
1593 837
1594 837
1595 836
1596 828
1597 829
1598 832
1599 833
1600 834
1601 837
1602 831
1603 832
1604 831
1605 834
1606 837
1607 837
1608 841
1609 838
1610 837
1611 843
1612 843
1613 840
1614 833
1615 835
1616 825
1617 825
1618 827
1619 821
1620 820
1621 824
1622 832
1623 824
1624 826
1625 827
1626 829
1627 829
1628 830
1629 828
1630 826
1631 826
1632 826
1633 822
1634 820
1635 821
1636 818
1637 821
1638 814
1639 813
1640 809
1641 814
1642 815
1643 817
1644 821
1645 816
1646 814
1647 814
1648 811
1649 814
1650 812
1651 811
1652 810
1653 811
1654 807
1655 804
1656 806
1657 806
1658 803
1659 807
1660 799
1661 801
1662 801
1663 800
1664 805
1665 800
1666 810
1667 810
1668 808
1669 799
1670 798
1671 799
1672 795
1673 797
1674 784
1675 778
1676 780
1677 784
1678 786
1679 790
1680 782
1681 783
1682 790
1683 784
1684 788
1685 788
1686 786
1687 788
1688 788
1689 786
1690 788
1691 791
1692 785
1693 785
1694 785
1695 787
1696 788
1697 787
1698 786
1699 784
1700 780
1701 784
1702 791
1703 790
1704 794
1705 790
1706 794
1707 793
1708 788
1709 790
1710 787
1711 784
1712 786
1713 784
1714 786
1715 789
1716 797
1717 800
1718 803
1719 805
1720 807
1721 804
1722 795
1723 793
1724 788
1725 792
1726 791
1727 798
1728 801
1729 804
1730 813
1731 820
1732 819
1733 826
1734 829
1735 824
1736 819
1737 822
1738 826
1739 824
1740 829
1741 821
1742 821
1743 818
1744 812
1745 813
1746 812
1747 814
1748 820
1749 820
1750 824
1751 823
1752 822
1753 823
1754 829
1755 827
1756 828
1757 827
1758 828
1759 821
1760 829
1761 822
1762 819
1763 825
1764 820
1765 822
1766 820
1767 818
1768 821
1769 831
1770 831
1771 836
1772 842
1773 844
1774 848
1775 848
1776 853
1777 850
1778 849
1779 848
1780 847
1781 846
1782 846
1783 848
1784 843
1785 846
1786 846
1787 846
1788 845
1789 852
1790 850
1791 848
1792 851
1793 850
1794 850
1795 854
1796 857
1797 860
1798 854
1799 849
1800 852
1801 851
1802 846
1803 845
1804 843
1805 847
1806 839
1807 838
1808 843
1809 845
1810 854
1811 853
1812 853
1813 855
1814 858
1815 858
1816 852
1817 844
1818 840
1819 841
1820 843
1821 843
1822 850
1823 855
1824 859
1825 857
1826 856
1827 852
1828 848
1829 842
1830 834
1831 831
1832 827
1833 827
1834 826
1835 834
1836 834
1837 833
1838 834
1839 836
1840 831
1841 836
1842 836
1843 831
1844 835
1845 843
1846 839
1847 833
1848 830
1849 833
1850 825
1851 824
1852 825
1853 829
1854 819
1855 819
1856 815
1857 819
1858 817
1859 819
1860 819
1861 821
1862 825
1863 824
1864 827
1865 823
1866 821
1867 818
1868 818
1869 821
1870 822
1871 817
1872 810
1873 806
1874 808
1875 807
1876 800
1877 799
1878 796
1879 801
1880 809
1881 817
1882 812
1883 811
1884 810
1885 812
1886 813
1887 816
1888 820
1889 813
1890 810
1891 810
1892 812
1893 816
1894 821
1895 816
1896 814
1897 813
1898 819
1899 825
1900 828
1901 828
1902 832
1903 835
1904 837
1905 832
1906 840
1907 841
1908 836
1909 835
1910 828
1911 836
1912 839
1913 833
1914 832
1915 830
1916 835
1917 839
1918 841
1919 834
1920 830
1921 832
1922 834
1923 829
1924 825
1925 820
1926 821
1927 819
1928 821
1929 824
1930 829
1931 832
1932 836
1933 833
1934 826
1935 824
1936 824
1937 820
1938 819
1939 817
1940 818
1941 814
1942 811
1943 815
1944 816
1945 811
1946 813
1947 820
1948 820
1949 818
1950 823
1951 822
1952 828
1953 821
1954 827
1955 830
1956 836
1957 831
1958 832
1959 826
1960 825
1961 829
1962 834
1963 834
1964 831
1965 834
1966 835
1967 837
1968 833
1969 822
1970 823
1971 822
1972 825
1973 820
1974 819
1975 828
1976 827
1977 828
1978 831
1979 832
1980 825
1981 820
1982 828
1983 832
1984 842
1985 840
1986 841
1987 833
1988 831
1989 833
1990 836
1991 839
1992 834
1993 831
1994 829
1995 828
1996 824
1997 821
1998 819
1999 815
2000 813
2001 810
2002 808
2003 811
2004 812
2005 811
2006 801
2007 805
2008 804
2009 801
2010 804
2011 798
2012 792
2013 794
2014 797
2015 792
2016 789
2017 790
2018 786
2019 794
2020 794
2021 792
2022 788
2023 790
2024 794
2025 800
2026 800
2027 804
2028 802
2029 804
2030 798
2031 799
2032 794
2033 793
2034 798
2035 793
2036 796
2037 798
2038 801
2039 798
2040 801
2041 807
2042 803
2043 799
2044 790
2045 789
2046 791
2047 788
2048 789
2049 786
2050 786
2051 788
2052 781
2053 781
2054 781
2055 779
2056 781
2057 784
2058 791
2059 798
2060 796
2061 793
2062 792
2063 782
2064 788
2065 788
2066 782
2067 783
2068 785
2069 786
2070 786
2071 797
2072 798
2073 798
2074 798
2075 796
2076 800
2077 796
2078 790
2079 779
2080 778
2081 775
2082 768
2083 764
2084 765
2085 766
2086 766
2087 770
2088 773
2089 771
2090 772
2091 773
2092 783
2093 782
2094 776
2095 777
2096 782
2097 783
2098 781
2099 785
2100 789
2101 788
2102 789
2103 787
2104 781
2105 782
2106 787
2107 787
2108 795
2109 796
2110 796
2111 794
2112 796
2113 803
2114 798
2115 802
2116 803
2117 805
2118 808
2119 801
2120 801
2121 799
2122 798
2123 805
2124 802
2125 801
2126 811
2127 809
2128 808
2129 804
2130 803
2131 801
2132 801
2133 799
2134 800
2135 800
2136 799
2137 801
2138 797
2139 803
2140 800
2141 793
2142 798
2143 807
2144 815
2145 817
2146 813
2147 809
2148 811
2149 809
2150 804
2151 807
2152 813
2153 818
2154 818
2155 816
2156 811
2157 810
2158 801
2159 797
2160 797
2161 796
2162 790
2163 796
2164 797
2165 793
2166 793
2167 793
2168 793
2169 791
2170 790
2171 787
2172 785
2173 790
2174 793
2175 786
2176 783
2177 784
2178 787
2179 792
2180 794
2181 797
2182 801
2183 801
2184 794
2185 801
2186 797
2187 794
2188 794
2189 796
2190 797
2191 796
2192 790
2193 787
2194 795
2195 794
2196 790
2197 793
2198 799
2199 794
2200 790
2201 788
2202 790
2203 787
2204 788
2205 788
2206 786
2207 784
2208 778
2209 775
2210 777
2211 783
2212 780
2213 778
2214 778
2215 783
2216 781
2217 779
2218 777
2219 777
2220 779
2221 785
2222 782
2223 776
2224 785
2225 785
2226 775
2227 770
2228 774
2229 776
2230 784
2231 783
2232 784
2233 787
2234 786
2235 786
2236 785
2237 781
2238 778
2239 776
2240 774
2241 772
2242 774
2243 778
2244 774
2245 776
2246 781
2247 785
2248 785
2249 785
2250 788
2251 784
2252 778
2253 776
2254 778
2255 782
2256 782
2257 781
2258 782
2259 784
2260 780
2261 781
2262 781
2263 789
2264 786
2265 789
2266 792
2267 789
2268 785
2269 792
2270 790
2271 785
2272 792
2273 795
2274 793
2275 793
2276 796
2277 796
2278 796
2279 795
2280 796
2281 792
2282 789
2283 791
2284 790
2285 780
2286 783
2287 780
2288 777
2289 779
2290 774
2291 774
2292 773
2293 782
2294 784
2295 790
2296 795
2297 795
2298 794
2299 800
2300 801
2301 801
2302 806
2303 807
2304 812
2305 815
2306 816
2307 816
2308 815
2309 813
2310 812
2311 807
2312 812
2313 813
2314 816
2315 815
2316 819
2317 818
2318 828
2319 837
2320 836
2321 827
2322 830
2323 831
2324 816
2325 812
2326 813
2327 819
2328 819
2329 821
2330 815
2331 813
2332 815
2333 813
2334 813
2335 812
2336 807
2337 814
2338 821
2339 818
2340 819
2341 822
2342 817
2343 806
2344 805
2345 799
2346 795
2347 796
2348 794
2349 796
2350 794
2351 795
2352 800
2353 799
2354 796
2355 793
2356 793
2357 795
2358 793
2359 788
2360 792
2361 794
2362 799
2363 795
2364 787
2365 787
2366 790
2367 793
2368 795
2369 793
2370 795
2371 796
2372 794
2373 789
2374 787
2375 791
2376 794
2377 794
2378 801
2379 802
2380 805
2381 805
2382 805
2383 805
2384 805
2385 811
2386 810
2387 816
2388 819
2389 814
2390 818
2391 828
2392 827
2393 824
2394 814
2395 813
2396 809
2397 809
2398 808
2399 800
2400 805
2401 805
2402 799
2403 804
2404 800
2405 796
2406 799
2407 800
2408 803
2409 807
2410 805
2411 805
2412 802
2413 801
2414 803
2415 799
2416 806
2417 811
2418 806
2419 796
2420 792
2421 796
2422 789
2423 789
2424 794
2425 800
2426 798
2427 794
2428 793
2429 793
2430 793
2431 794
2432 799
2433 800
2434 795
2435 803
2436 810
2437 804
2438 800
2439 800
2440 801
2441 802
2442 803
2443 807
2444 809
2445 815
2446 817
2447 815
2448 815
2449 820
2450 825
2451 824
2452 822
2453 822
2454 822
2455 824
2456 828
2457 823
2458 826
2459 834
2460 828
2461 826
2462 822
2463 820
2464 828
2465 826
2466 821
2467 816
2468 816
2469 812
2470 814
2471 811
2472 808
2473 810
2474 811
2475 807
2476 801
2477 802
2478 795
2479 792
2480 788
2481 790
2482 790
2483 786
2484 783
2485 782
2486 780
2487 774
2488 772
2489 777
2490 770
2491 763
2492 762
2493 759
2494 763
2495 765
2496 769
2497 765
2498 768
2499 775
2500 767
2501 773
2502 768
2503 763
2504 761
2505 769
2506 763
2507 758
2508 756
2509 755
2510 757
2511 758
2512 758
2513 755
2514 750
2515 749
2516 738
2517 732
2518 733
2519 734
2520 736
2521 734
2522 743
2523 748
2524 746
2525 742
2526 743
2527 745
2528 746
2529 745
2530 743
2531 745
2532 743
2533 742
2534 750
2535 745
2536 748
2537 745
2538 748
2539 746
2540 745
2541 744
2542 743
2543 737
2544 741
2545 738
2546 739
2547 737
2548 736
2549 728
2550 725
2551 731
2552 732
2553 733
2554 737
2555 733
2556 730
2557 736
2558 738
2559 740
2560 741
2561 740
2562 739
2563 737
2564 732
2565 735
2566 740
2567 749
2568 751
2569 752
2570 753
2571 752
2572 749
2573 755
2574 762
2575 767
2576 764
2577 762
2578 762
2579 763
2580 767
2581 765
2582 769
2583 774
2584 776
2585 777
2586 779
2587 783
2588 783
2589 782
2590 785
2591 784
2592 788
2593 787
2594 793
2595 794
2596 795
2597 797
2598 789
2599 786
2600 788
2601 783
2602 787
2603 786
2604 789
2605 785
2606 783
2607 784
2608 782
2609 783
2610 777
2611 777
2612 783
2613 784
2614 790
2615 793
2616 795
2617 801
2618 800
2619 803
2620 802
2621 807
2622 803
2623 798
2624 802
2625 800
2626 803
2627 805
2628 806
2629 808
2630 813
2631 812
2632 810
2633 809
2634 810
2635 812
2636 809
2637 821
2638 819
2639 820
2640 822
2641 825
2642 826
2643 829
2644 825
2645 825
2646 822
2647 825
2648 826
2649 829
2650 823
2651 824
2652 826
2653 826
2654 821
2655 827
2656 830
2657 826
2658 823
2659 820
2660 824
2661 823
2662 828
2663 829
2664 832
2665 835
2666 829
2667 827
2668 828
2669 829
2670 832
2671 836
2672 834
2673 829
2674 819
2675 816
2676 819
2677 819
2678 819
2679 823
2680 824
2681 822
2682 820
2683 814
2684 819
2685 817
2686 819
2687 817
2688 821
2689 822
2690 825
2691 821
2692 818
2693 818
2694 810
2695 804
2696 809
2697 809
2698 815
2699 815
2700 817
2701 817
2702 818
2703 818
2704 819
2705 819
2706 827
2707 828
2708 832
2709 836
2710 837
2711 835
2712 827
2713 829
2714 823
2715 822
2716 821
2717 818
2718 818
2719 816
2720 823
2721 826
2722 829
2723 826
2724 825
2725 831
2726 833
2727 828
2728 829
2729 830
2730 824
2731 823
2732 824
2733 827
2734 822
2735 823
2736 822
2737 815
2738 815
2739 820
2740 820
2741 817
2742 816
2743 815
2744 816
2745 817
2746 827
2747 828
2748 829
2749 833
2750 839
2751 832
2752 829
2753 828
2754 830
2755 828
2756 828
2757 836
2758 841
2759 840
2760 844
2761 845
2762 840
2763 843
2764 840
2765 841
2766 846
2767 855
2768 853
2769 858
2770 851
2771 856
2772 856
2773 854
2774 853
2775 853
2776 853
2777 857
2778 856
2779 850
2780 848
2781 860
2782 869
2783 874
2784 871
2785 864
2786 868
2787 871
2788 865
2789 862
2790 867
2791 870
2792 872
2793 873
2794 878
2795 879
2796 871
2797 869
2798 863
2799 862
2800 860
2801 873
2802 874
2803 874
2804 873
2805 871
2806 867
2807 871
2808 873
2809 868
2810 869
2811 872
2812 874
2813 874
2814 878
2815 877
2816 878
2817 879
2818 870
2819 876
2820 872
2821 870
2822 866
2823 872
2824 870
2825 864
2826 858
2827 856
2828 858
2829 853
2830 855
2831 855
2832 855
2833 858
2834 863
2835 860
2836 862
2837 860
2838 861
2839 864
2840 866
2841 869
2842 866
2843 868
2844 872
2845 869
2846 855
2847 859
2848 857
2849 858
2850 855
2851 857
2852 862
2853 865
2854 866
2855 864
2856 857
2857 854
2858 847
2859 849
2860 849
2861 854
2862 855
2863 852
2864 855
2865 854
2866 848
2867 832
2868 829
2869 826
2870 824
2871 824
2872 825
2873 827
2874 832
2875 835
2876 834
2877 827
2878 838
2879 848
2880 845
2881 841
2882 832
2883 831
2884 831
2885 837
2886 833
2887 836
2888 837
2889 836
2890 831
2891 832
2892 831
2893 832
2894 836
2895 837
2896 833
2897 833
2898 834
2899 839
2900 838
2901 832
2902 832
2903 835
2904 834
2905 834
2906 835
2907 839
2908 836
2909 837
2910 836
2911 838
2912 840
2913 837
2914 836
2915 839
2916 842
2917 838
2918 845
2919 847
2920 845
2921 847
2922 850
2923 846
2924 849
2925 853
2926 853
2927 858
2928 853
2929 855
2930 854
2931 849
2932 849
2933 843
2934 839
2935 835
2936 833
2937 836
2938 837
2939 835
2940 829
2941 822
2942 826
2943 828
2944 827
2945 830
2946 838
2947 831
2948 828
2949 821
2950 824
2951 823
2952 818
2953 811
2954 806
2955 812
2956 814
2957 812
2958 815
2959 813
2960 808
2961 807
2962 807
2963 809
2964 811
2965 814
2966 813
2967 818
2968 818
2969 815
2970 818
2971 811
2972 812
2973 806
2974 807
2975 800
2976 803
2977 811
2978 806
2979 806
2980 808
2981 802
2982 798
2983 797
2984 800
2985 804
2986 797
2987 801
2988 800
2989 798
2990 795
2991 798
2992 796
2993 797
2994 796
2995 794
2996 799
2997 804
2998 805
2999 805
3000 808
3001 804
3002 803
3003 800
3004 798
3005 803
3006 801
3007 799
3008 795
3009 797
3010 798
3011 792
3012 791
3013 792
3014 793
3015 792
3016 790
3017 793
3018 790
3019 785
3020 785
3021 784
3022 786
3023 789
3024 791
3025 787
3026 787
3027 786
3028 783
3029 784
3030 785
3031 790
3032 792
3033 794
3034 790
3035 797
3036 801
3037 801
3038 797
3039 803
3040 806
3041 810
3042 811
3043 809
3044 807
3045 812
3046 812
3047 816
3048 818
3049 821
3050 818
3051 819
3052 817
3053 819
3054 820
3055 818
3056 816
3057 816
3058 811
3059 807
3060 807
3061 801
3062 803
3063 808
3064 805
3065 798
3066 803
3067 800
3068 802
3069 808
3070 809
3071 815
3072 819
3073 820
3074 812
3075 816
3076 813
3077 812
3078 808
3079 803
3080 799
3081 798
3082 798
3083 798
3084 797
3085 796
3086 803
3087 798
3088 801
3089 807
3090 812
3091 808
3092 810
3093 809
3094 800
3095 800
3096 803
3097 800
3098 808
3099 804
3100 801
3101 800
3102 799
3103 806
3104 813
3105 806
3106 803
3107 795
3108 797
3109 791
3110 794
3111 798
3112 801
3113 800
3114 799
3115 797
3116 797
3117 795
3118 801
3119 797
3120 803
3121 799
3122 795
3123 792
3124 788
3125 791
3126 793
3127 793
3128 800
3129 805
3130 811
3131 809
3132 810
3133 815
3134 818
3135 811
3136 810
3137 813
3138 815
3139 807
3140 812
3141 811
3142 811
3143 813
3144 815
3145 815
3146 813
3147 817
3148 819
3149 819
3150 819
3151 821
3152 825
3153 832
3154 835
3155 831
3156 833
3157 831
3158 838
3159 849
3160 852
3161 857
3162 859
3163 858
3164 861
3165 868
3166 870
3167 871
3168 871
3169 869
3170 872
3171 870
3172 869
3173 878
3174 889
3175 885
3176 887
3177 886
3178 887
3179 883
3180 882
3181 883
3182 883
3183 887
3184 881
3185 875
3186 876
3187 871
3188 867
3189 870
3190 871
3191 869
3192 872
3193 874
3194 878
3195 880
3196 881
3197 883
3198 875
3199 876
3200 872
3201 874
3202 871
3203 867
3204 865
3205 873
3206 881
3207 884
3208 883
3209 884
3210 883
3211 883
3212 878
3213 877
3214 872
3215 875
3216 873
3217 873
3218 869
3219 876
3220 870
3221 872
3222 874
3223 872
3224 878
3225 874
3226 873
3227 869
3228 867
3229 862
3230 857
3231 864
3232 862
3233 858
3234 862
3235 870
3236 870
3237 864
3238 862
3239 859
3240 856
3241 856
3242 856
3243 852
3244 853
3245 848
3246 854
3247 848
3248 849
3249 851
3250 855
3251 863
3252 869
3253 862
3254 865
3255 869
3256 877
3257 881
3258 877
3259 871
3260 869
3261 875
3262 870
3263 871
3264 869
3265 863
3266 862
3267 860
3268 858
3269 857
3270 851
3271 847
3272 845
3273 843
3274 835
3275 850
3276 849
3277 848
3278 846
3279 853
3280 863
3281 868
3282 871
3283 865
3284 868
3285 872
3286 873
3287 881
3288 884
3289 881
3290 873
3291 874
3292 872
3293 867
3294 866
3295 866
3296 857
3297 856
3298 860
3299 862
3300 865
3301 864
3302 869
3303 867
3304 868
3305 861
3306 857
3307 857
3308 859
3309 861
3310 865
3311 865
3312 865
3313 870
3314 876
3315 870
3316 869
3317 867
3318 870
3319 870
3320 872
3321 875
3322 874
3323 880
3324 872
3325 874
3326 876
3327 878
3328 872
3329 871
3330 867
3331 864
3332 865
3333 865
3334 863
3335 857
3336 852
3337 852
3338 856
3339 857
3340 859
3341 862
3342 861
3343 865
3344 863
3345 864
3346 854
3347 857
3348 862
3349 862
3350 860
3351 853
3352 847
3353 848
3354 841
3355 837
3356 831
3357 828
3358 831
3359 830
3360 833
3361 827
3362 828
3363 820
3364 818
3365 820
3366 817
3367 819
3368 820
3369 826
3370 829
3371 828
3372 834
3373 830
3374 835
3375 827
3376 829
3377 827
3378 826
3379 819
3380 811
3381 807
3382 806
3383 809
3384 810
3385 811
3386 807
3387 800
3388 803
3389 801
3390 803
3391 811
3392 812
3393 815
3394 818
3395 817
3396 828
3397 829
3398 829
3399 825
3400 825
3401 825
3402 825
3403 822
3404 821
3405 824
3406 819
3407 814
3408 815
3409 822
3410 819
3411 821
3412 826
3413 827
3414 824
3415 821
3416 821
3417 825
3418 825
3419 820
3420 819
3421 817
3422 820
3423 816
3424 819
3425 818
3426 818
3427 819
3428 821
3429 824
3430 827
3431 822
3432 818
3433 816
3434 817
3435 819
3436 822
3437 819
3438 817
3439 817
3440 818
3441 814
3442 813
3443 810
3444 810
3445 809
3446 814
3447 812
3448 806
3449 801
3450 802
3451 803
3452 803
3453 804
3454 806
3455 809
3456 810
3457 807
3458 811
3459 810
3460 812
3461 813
3462 812
3463 816
3464 819
3465 814
3466 816
3467 814
3468 816
3469 804
3470 801
3471 804
3472 796
3473 798
3474 792
3475 788
3476 791
3477 794
3478 798
3479 795
3480 800
3481 802
3482 801
3483 799
3484 804
3485 800
3486 803
3487 802
3488 796
3489 800
3490 803
3491 793
3492 787
3493 785
3494 782
3495 785
3496 777
3497 777
3498 781
3499 782
3500 790
3501 796
3502 794
3503 798
3504 790
3505 790
3506 794
3507 803
3508 801
3509 791
3510 793
3511 792
3512 786
3513 784
3514 785
3515 790
3516 790
3517 791
3518 788
3519 784
3520 781
3521 782
3522 779
3523 781
3524 784
3525 788
3526 784
3527 782
3528 780
3529 778
3530 784
3531 787
3532 794
3533 796
3534 795
3535 793
3536 789
3537 793
3538 792
3539 791
3540 788
3541 789
3542 792
3543 795
3544 793
3545 792
3546 794
3547 792
3548 789
3549 788
3550 790
3551 787
3552 785
3553 781
3554 781
3555 777
3556 776
3557 780
3558 779
3559 781
3560 785
3561 782
3562 785
3563 784
3564 780
3565 788
3566 792
3567 796
3568 794
3569 798
3570 803
3571 800
3572 801
3573 796
3574 805
3575 803
3576 801
3577 804
3578 799
3579 804
3580 802
3581 798
3582 796
3583 799
3584 793
3585 797
3586 795
3587 794
3588 798
3589 793
3590 794
3591 793
3592 795
3593 798
3594 797
3595 794
3596 793
3597 789
3598 781
3599 783
3600 785
3601 776
3602 777
3603 782
3604 786
3605 787
3606 785
3607 777
3608 778
3609 785
3610 783
3611 780
3612 785
3613 776
3614 773
3615 776
3616 780
3617 788
3618 786
3619 792
3620 795
3621 789
3622 787
3623 785
3624 785
3625 787
3626 791
3627 797
3628 797
3629 798
3630 791
3631 789
3632 780
3633 779
3634 780
3635 781
3636 782
3637 780
3638 783
3639 781
3640 778
3641 783
3642 780
3643 781
3644 779
3645 775
3646 772
3647 773
3648 776
3649 781
3650 780
3651 779
3652 779
3653 785
3654 784
3655 786
3656 781
3657 780
3658 774
3659 776
3660 765
3661 766
3662 765
3663 761
3664 771
3665 762
3666 758
3667 756
3668 756
3669 761
3670 761
3671 762
3672 770
3673 774
3674 767
3675 771
3676 770
3677 768
3678 768
3679 768
3680 767
3681 770
3682 778
3683 773
3684 774
3685 772
3686 773
3687 775
3688 779
3689 780
3690 778
3691 779
3692 781
3693 782
3694 778
3695 782
3696 784
3697 785
3698 792
3699 790
3700 783
3701 784
3702 787
3703 782
3704 782
3705 782
3706 782
3707 786
3708 783
3709 778
3710 779
3711 787
3712 785
3713 787
3714 790
3715 790
3716 787
3717 777
3718 782
3719 784
3720 781
3721 785
3722 786
3723 788
3724 785
3725 785
3726 785
3727 781
3728 782
3729 782
3730 791
3731 792
3732 798
3733 797
3734 798
3735 798
3736 798
3737 796
3738 791
3739 793
3740 792
3741 795
3742 794
3743 791
3744 798
3745 801
3746 802
3747 798
3748 793
3749 793
3750 793
3751 794
3752 795
3753 799
3754 796
3755 799
3756 805
3757 804
3758 803
3759 798
3760 797
3761 803
3762 809
3763 807
3764 802
3765 812
3766 813
3767 812
3768 817
3769 811
3770 807
3771 805
3772 797
3773 801
3774 797
3775 792
3776 793
3777 794
3778 802
3779 802
3780 799
3781 798
3782 790
3783 790
3784 790
3785 791
3786 792
3787 793
3788 791
3789 785
3790 785
3791 786
3792 791
3793 782
3794 791
3795 785
3796 783
3797 786
3798 784
3799 787
3800 784
3801 785
3802 779
3803 781
3804 783
3805 782
3806 787
3807 785
3808 790
3809 788
3810 783
3811 777
3812 781
3813 787
3814 790
3815 791
3816 791
3817 796
3818 793
3819 792
3820 797
3821 793
3822 792
3823 800
3824 799
3825 795
3826 794
3827 793
3828 793
3829 790
3830 783
3831 781
3832 777
3833 776
3834 771
3835 776
3836 778
3837 780
3838 781
3839 783
3840 787
3841 786
3842 789
3843 793
3844 786
3845 788
3846 788
3847 793
3848 803
3849 802
3850 804
3851 805
3852 807
3853 795
3854 797
3855 797
3856 795
3857 800
3858 800
3859 801
3860 806
3861 800
3862 789
3863 794
3864 791
3865 788
3866 784
3867 786
3868 785
3869 788
3870 788
3871 801
3872 802
3873 798
3874 804
3875 809
3876 803
3877 800
3878 796
3879 794
3880 795
3881 791
3882 799
3883 804
3884 811
3885 809
3886 808
3887 816
3888 809
3889 813
3890 811
3891 811
3892 810
3893 817
3894 812
3895 814
3896 815
3897 811
3898 810
3899 807
3900 809
3901 809
3902 810
3903 812
3904 811
3905 808
3906 802
3907 804
3908 807
3909 811
3910 807
3911 805
3912 798
3913 791
3914 790
3915 791
3916 789
3917 787
3918 788
3919 789
3920 784
3921 787
3922 789
3923 783
3924 782
3925 785
3926 785
3927 789
3928 792
3929 789
3930 791
3931 794
3932 797
3933 796
3934 795
3935 792
3936 792
3937 791
3938 790
3939 793
3940 796
3941 787
3942 786
3943 785
3944 787
3945 785
3946 785
3947 784
3948 782
3949 785
3950 782
3951 780
3952 774
3953 781
3954 783
3955 778
3956 780
3957 774
3958 776
3959 778
3960 777
3961 772
3962 774
3963 773
3964 780
3965 781
3966 782
3967 783
3968 784
3969 788
3970 788
3971 779
3972 777
3973 773
3974 773
3975 772
3976 776
3977 778
3978 777
3979 784
3980 788
3981 796
3982 792
3983 792
3984 785
3985 782
3986 778
3987 776
3988 782
3989 782
3990 785
3991 787
3992 782
3993 783
3994 783
3995 783
3996 780
3997 779
3998 773
3999 770
4000 775
