0.0 0.0
1.0 20000.0
2.0 40442.08901187232
3.0 30668.01958516893
4.0 51345.91930889334
5.0 72480.89264544056
6.0 94083.04295590287
7.0 116162.69693061867
8.0 138730.4095257427
9.0 161796.96900893658
10.0 185373.4021165914
11.0 209470.97932504807
12.0 234101.22023833494
13.0 259275.8990949984
14.0 285007.0503966591
15.0 311306.97466098424
16.0 338188.244301826
17.0 365663.7096393374
18.0 393746.5050429384
19.0 422450.05521006894
20.0 451788.0815837302
21.0 481774.6089118822
22.0 512423.9719518335
23.0 543750.8223228273
24.0 575770.1355101003
25.0 608497.2180237628
26.0 641947.7147159218
27.0 676137.6162595445
28.0 711083.2667926388
29.0 746801.3717314036
30.0 783309.005756085
31.0 820623.6209733548
32.0 858763.0552591145
33.0 897745.5407857122
34.0 937589.712737649
35.0 978314.6182199408
36.0 1019939.7253633956
37.0 1062484.9326311569
38.0 1105970.5783309636
39.0 1150417.450337673
40.0 1195846.7960306958
41.0 1242280.3324510902
42.0 1289740.2566831762
43.0 1338249.2564656269
44.0 1387830.5210371146
45.0 1438507.7522216917
46.0 1490305.1757592096
47.0 1543247.552886189
48.0 1597360.1921726803
49.0 1652668.9616207702
50.0 1709200.301030519
51.0 1766981.2346392414
52.0 1826039.3840401708
53.0 1886402.9813866836
54.0 1948100.8828883953
