0.0 0.0
1.0 10000.0
2.0 20221.04450593616
3.0 30668.01958516893
4.0 41345.91930889334
5.0 52259.8481395044
6.0 63415.02337073394
7.0 74816.77762172533
8.0 86470.5613862383
9.0 98381.94563820264
10.0 110556.62449486609
11.0 123000.4179388098
12.0 135719.2746001323
13.0 148719.2746001323
14.0 162006.63245784934
15.0 175587.70006085196
16.0 189468.9697016937
17.0 203657.0771814881
18.0 218158.80498208653
19.0 232981.08550837534
20.0 248131.00440224222
21.0 263615.80392979586
22.0 279442.8864434584
23.0 295619.8179205852
24.0 312154.33158030454
25.0 329054.3315803046
26.0 346327.89679533674
27.0 363983.28467924014
28.0 382028.93521233444
29.0 400473.4749360672
30.0 419325.72107684513
31.0 438594.68576102064
32.0 458289.5803230476
33.0 478419.81970886735
34.0 449095.5242789658
35.0 469022.5341072042
36.0 489390.0195396694
37.0 510207.71704759274
38.0 531485.5783215528
39.0 553233.7750287809
40.0 575462.7036756242
41.0 598182.9905774907
42.0 621405.4969386522
43.0 645141.324044334
44.0 669401.8185675719
45.0 694198.5779933755
46.0 719543.4561627884
47.0 745448.5689394984
48.0 771926.3000017032
49.0 798989.3067620036
50.0 826650.5264181517
51.0 854923.1821375482
52.0 883820.7893784445
53.0 913357.1623508709
54.0 943546.4206203809
55.0 974402.9958577672
56.0 1005941.6387379764
57.0 1038177.425991521
58.0 1071125.7676117579
59.0 1104802.4142214807
60.0 1139223.464602347
61.0 1174405.3733907375
62.0 1210364.95894373
63.0 1247119.4113789457
64.0 1284686.3007921109
65.0 1323083.5856562653
66.0 1362329.6214066283
67.0 1402443.1692152305
68.0 1443443.4049595026
69.0 1485349.9283891106
70.0 1528182.7724954186
71.0 1571962.4130880584
72.0 1616709.7785831846
73.0 1662446.2600080923
74.0 1709193.7212269825
75.0 1756974.5093927628
76.0 1805811.4656298775
77.0 1855727.9359532783
78.0 1906747.7824287503
79.0 1958895.3945799333
