0.0 0.0
1.0 5000.0
2.0 10110.52225296808
3.0 15334.009792584466
4.0 20672.95965444667
5.0 26129.9240697522
6.0 31707.51168536697
7.0 37408.38881086266
8.0 43235.28069311915
9.0 49190.97281910132
10.0 55278.312247433045
11.0 61500.2089694049
12.0 67859.63730006616
13.0 74359.63730006616
14.0 81003.31622892467
15.0 87793.85003042598
16.0 94734.48485084686
17.0 101828.53859074405
18.0 109079.40249104326
19.0 116490.54275418767
20.0 124065.50220112111
21.0 131807.90196489793
22.0 139721.4432217292
23.0 147809.9089602926
24.0 156077.16579015227
25.0 164527.1657901523
26.0 173163.94839766837
27.0 181991.64233962007
28.0 191014.46760616722
29.0 200236.7374680336
30.0 209662.86053842257
31.0 219297.34288051032
32.0 229144.7901615238
33.0 239209.90985443367
34.0 249497.51348831432
35.0 260012.51894844678
36.0 270759.9528272643
37.0 281744.9528272644
38.0 292972.77021703526
39.0 304448.7723415725
40.0 316178.4451880838
41.0 328167.3960085101
42.0 340421.35600001574
43.0 352946.1830447298
44.0 329173.07805904263
45.0 341449.2680997472
46.0 353996.81657668436
47.0 366821.72171900095
48.0 379930.1143434037
49.0 393328.26078493433
50.0 407022.56589252775
51.0 421019.5760907859
52.0 435325.9825094298
53.0 449948.6241819268
54.0 464894.4913148216
55.0 480170.72862933425
56.0 495784.6387768219
57.0 511743.68582973786
58.0 528055.4988497562
59.0 544727.8755347679
60.0 561768.7859464915
61.0 579186.3763204813
62.0 596988.9729603528
63.0 615185.0862180884
64.0 633783.4145623255
65.0 652792.8487365715
66.0 672222.4760093348
67.0 692081.5845182013
68.0 712379.6677099352
69.0 733126.428878726
70.0 754331.7858047498
71.0 776005.8754952649
72.0 798159.0590305056
73.0 820801.9265166924
74.0 843945.3021485254
75.0 867600.2493835817
76.0 891778.0762310899
77.0 916490.3406576099
78.0 941748.8561122022
79.0 967565.6971737286
80.0 993953.2053229827
81.0 1020923.9948424108
82.0 1048490.9588462418
83.0 1076667.2754439116
84.0 1105466.4140397245
85.0 1134902.1417717673
86.0 1164988.5300931502
87.0 1195739.9614987234
88.0 1227171.136400484
89.0 1259297.08015496
90.0 1292133.15024593
91.0 1325695.0436259145
92.0 1359998.8042199449
93.0 1395060.8305952013
94.0 1430897.8838001818
95.0 1467527.0953771523
96.0 1504965.9755517093
97.0 1543232.4216033649
98.0 1582344.7264211627
99.0 1622321.587248408
100.0 1663182.114620697
101.0 1704945.8415015158
102.0 1747632.7326197769
103.0 1791263.1940137567
104.0 1835858.0827859964
105.0 1881438.7170738298
106.0 1928026.8862403044
107.0 1975644.8612903664
