0.0 0.0
1.0 10000.0
2.0 20221.04450593616
3.0 30668.01958516893
4.0 41345.91930889334
5.0 52259.8481395044
6.0 63415.02337073394
7.0 74816.77762172533
8.0 86470.5613862383
9.0 98381.94563820264
10.0 110556.62449486609
11.0 123000.4179388098
12.0 135719.2746001323
13.0 148719.2746001323
14.0 162006.63245784934
15.0 175587.70006085196
16.0 189468.9697016937
17.0 203657.0771814881
18.0 218158.80498208653
19.0 232981.08550837534
20.0 248131.00440224222
21.0 263615.80392979586
22.0 279442.8864434584
23.0 295619.8179205852
24.0 312154.33158030454
25.0 329054.3315803046
26.0 346327.89679533674
27.0 363983.28467924014
28.0 382028.93521233444
29.0 400473.4749360672
30.0 419325.72107684513
31.0 438594.68576102064
32.0 458289.5803230476
33.0 478419.81970886735
34.0 498995.02697662864
35.0 520025.03789689357
36.0 541519.9056545286
37.0 563489.9056545288
38.0 585945.5404340705
39.0 608897.544683145
40.0 632356.8903761676
41.0 656334.7920170202
42.0 680842.7120000315
43.0 705892.3660894596
44.0 731495.7290200947
45.0 757665.0402216604
46.0 784412.80966975
47.0 811751.8238660945
48.0 839695.1519510201
49.0 868256.1519510202
50.0 897448.4771644246
51.0 927286.0826882215
52.0 957783.2320891509
53.0 988954.5042222593
54.0 1020814.8002001741
55.0 1053379.3505164306
56.0 1086663.722326256
57.0 1120683.8268882916
58.0 1155455.9271708082
59.0 1190996.645626056
60.0 1227322.9721364593
61.0 1264452.2721364594
62.0 1302402.294913885
63.0 1341191.1820948208
64.0 1380837.476316029
65.0 1421360.13008907
66.0 1462778.5148603593
67.0 1505112.4302714928
68.0 1548382.113624266
69.0 1592608.2495549123
70.0 1637811.979922184
71.0 1684014.9139140062
72.0 1731239.1383775307
73.0 1601556.505539778
74.0 1646958.032189366
75.0 1693363.1346416546
76.0 1740793.9963883916
77.0 1789273.2912752219
78.0 1838824.1943406914
78.0 1889470.3928948408
78.0 1941236.0978426847
78.0 1994146.0552579921
