0.0 0.0
1.0 20000.0
2.0 40442.08901187232
3.0 61336.03917033786
4.0 82691.83861778668
5.0 104519.6962790088
6.0 126830.04674146789
7.0 149633.55524345065
8.0 172941.1227724766
9.0 196763.89127640528
10.0 221113.24898973218
11.0 246000.8358776196
12.0 271438.5492002646
13.0 297438.5492002646
14.0 324013.2649156987
15.0 351175.4001217039
16.0 378937.9394033874
17.0 407314.1543629762
18.0 436317.60996417305
19.0 465962.1710167507
20.0 496262.00880448445
21.0 527231.6078595917
22.0 558885.7728869168
23.0 591239.6358411704
24.0 624308.6631606091
25.0 658108.6631606092
26.0 692655.7935906735
27.0 727966.5693584803
28.0 764057.8704246689
29.0 800946.9498721344
30.0 838651.4421536903
31.0 877189.3715220413
32.0 916579.1606460952
33.0 956839.6394177347
34.0 997990.0539532573
35.0 1040050.0757937871
36.0 1083039.8113090573
37.0 1126979.8113090575
38.0 468756.43234725646
39.0 499118.035746516
40.0 530150.7657080574
41.0 561869.4571158189
42.0 594289.2727706973
43.0 627425.710638973
44.0 661294.6112609565
45.0 695912.1653233988
46.0 731294.9213992861
47.0 767459.7938587188
48.0 804424.0709546555
49.0 842205.423087388
50.0 880821.9112516986
51.0 920291.9956707361
52.0 960634.54462074
53.0 1001868.8434508299
54.0 1044014.6038021718
54.0 1087091.9730309304
54.0 1131121.543839509
55.0 1176124.3641206839
55.0 1222121.9470193374
55.0 1269136.2812166
56.0 1317189.8414413177
56.0 1366305.59921387
56.0 1416507.0338274736
56.0 1467818.1435722224
56.0 1520263.4572072276
56.0 1573868.0456863444
56.0 1628657.5341430889
56.0 1684658.114140475
57.0 1741896.5561916272
57.0 1800400.2225571547
57.0 1860197.0803254044
57.0 1921315.714781846
57.0 1983785.343073979
