0.0 0.0
1.0 5000.0
2.0 10110.52225296808
3.0 15334.009792584466
4.0 20672.95965444667
5.0 26129.9240697522
6.0 31707.51168536697
7.0 37408.38881086266
8.0 43235.28069311915
9.0 49190.97281910132
10.0 55278.312247433045
11.0 61500.2089694049
12.0 67859.63730006616
13.0 74359.63730006616
14.0 81003.31622892467
15.0 87793.85003042598
16.0 94734.48485084686
17.0 101828.53859074405
18.0 109079.40249104326
19.0 116490.54275418767
20.0 124065.50220112111
21.0 131807.90196489793
22.0 139721.4432217292
23.0 147809.9089602926
24.0 156077.16579015227
25.0 164527.1657901523
26.0 173163.94839766837
27.0 181991.64233962007
28.0 191014.46760616722
29.0 200236.7374680336
30.0 209662.86053842257
31.0 219297.34288051032
32.0 229144.7901615238
33.0 239209.90985443367
34.0 249497.51348831432
35.0 260012.51894844678
36.0 270759.9528272643
37.0 281744.9528272644
38.0 292972.77021703526
39.0 304448.7723415725
40.0 316178.4451880838
41.0 328167.3960085101
42.0 340421.35600001574
43.0 352946.1830447298
44.0 365747.86451004737
45.0 378832.5201108302
46.0 392206.404834875
47.0 405875.91193304723
48.0 419847.57597551006
49.0 434128.0759755101
50.0 448724.2385822123
51.0 463643.04134411074
52.0 478891.61604457546
53.0 494477.25211112964
54.0 510407.40010008705
55.0 526689.6752582153
56.0 543331.861163128
57.0 560341.9134441458
58.0 577727.9635854041
59.0 595498.322813028
60.0 613661.4860682297
61.0 632226.1360682297
62.0 651201.1474569425
63.0 502946.6932855578
64.0 519064.0536185109
65.0 535537.6793466433
66.0 552375.4455207809
67.0 569585.4012654215
68.0 587175.7736265379
69.0 605154.9715044339
70.0 623531.5896735347
71.0 642314.4128910322
72.0 661512.4200963494
73.0 681134.7887034324
74.0 701190.8989879205
75.0 721690.3385712921
76.0 742642.9070041311
77.0 764058.6204507032
78.0 785947.7164770821
79.0 808320.6589451149
80.0 831188.1430145663
81.0 854561.100255831
82.0 878450.7038756621
83.0 902868.3740584088
84.0 927825.7834253212
85.0 953334.8626145292
86.0 979407.8059843637
87.0 1006057.0774427467
88.0 1033295.4164054375
89.0 1061135.8438859812
90.0 1089591.6687202738
91.0 1118676.4939287165
92.0 1148404.2232190033
93.0 1178789.0676326475
94.0 1209845.5523384279
95.0 1241588.5235759986
96.0 1274033.1557529848
97.0 1307194.9586989551
98.0 1341089.78507974
99.0 1375733.837975638
100.0 1411143.678627136
101.0 1447336.234351843
102.0 1484328.8066364233
103.0 1522139.079407399
104.0 1560785.127484772
105.0 1600285.4252225095
106.0 1640658.855340024
107.0 1681924.7179488658
108.0 1724102.7397789478
109.0 1767213.0836087093
110.0 1811276.3579037297
111.0 1856313.626668397
112.0 1902346.4195153445
113.0 1949396.7419574636
114.0 1997487.085927418
